Date,Open,High,Low,Close,Volume
2014-07-31,250.0,289.5,240.5,277.0,618331.1
2014-08-01,275.0,275.0,250.0,251.6,45551.1
2014-08-04,249.8,264.0,240.0,242.5,13362.6
2014-08-05,242.5,242.5,220.0,226.0,13432.6
2014-08-06,229.5,248.6,220.6,233.7,13283.9
2014-08-07,234.5,250.0,228.2,232.5,7077.4
2014-08-08,232.1,247.4,230.1,235.4,7721.0
2014-08-11,235.9,247.4,235.5,237.5,4200.4
2014-08-12,235.0,241.3,225.1,239.1,11838.1
2014-08-13,240.0,254.4,240.0,243.8,9886.1
2014-08-14,249.9,271.5,239.1,261.7,5814.4
2014-08-15,268.1,298.0,268.1,272.6,7448.6
2014-08-18,279.6,289.0,273.1,283.0,4141.9
2014-08-19,280.0,313.1,278.0,308.5,9915.3
2014-08-20,309.3,323.75,298.51,315.8,16741.6
2014-08-21,313.5,317.8,300.2,301.5,10592.4
2014-08-22,301.6,309.2,300.1,305.2,10110.3
2014-08-25,314.5,318.0,290.4,302.5,34467.6
2014-08-26,310.0,310.0,281.8,292.7,11861.7
2014-08-27,298.8,299.2,284.51,294.8,3656.8
2014-08-28,290.0,295.0,282.4,294.3,4034.1
2014-08-29,294.0,311.9,288.0,296.3,4769.5
2014-09-02,297.0,314.9,293.1,302.4,8933.4
2014-09-03,301.9,311.0,300.1,306.0,7221.8
2014-09-04,309.0,315.9,299.6,305.5,8009.6
2014-09-05,303.2,316.0,302.9,310.5,4644.3
2014-09-08,312.0,314.04,295.6,298.5,4489.1
2014-09-09,299.7,305.1,286.0,299.9,6505.8
2014-09-10,296.9,314.9,296.1,307.4,4585.9
2014-09-11,309.5,326.0,302.2,324.3,15076.0
2014-09-12,325.1,367.83,312.9,357.0,24595.5
2014-09-15,357.6,359.8,320.0,330.3,27694.2
2014-09-16,328.3,335.3,311.9,324.5,7501.9
2014-09-17,323.0,340.0,321.9,327.8,8869.7
2014-09-18,330.6,341.4,312.5,332.66,14460.2
2014-09-19,315.3,321.41,305.0,310.73,31457.9
2014-09-22,311.0,334.6,299.0,328.8,13558.3
2014-09-23,337.7,338.35,321.0,335.9,13347.6
2014-09-24,337.5,347.0,323.4,342.6,8219.1
2014-09-25,342.0,361.0,327.0,352.6,20289.9
2014-09-26,354.8,362.3,340.2,358.6,6333.2
2014-09-29,356.7,367.0,345.74,363.5,16200.8
2014-09-30,362.5,364.6,340.2,341.86,93066.8
2014-10-01,340.0,349.38,312.1,322.7,19261.6
2014-10-02,323.7,344.0,317.4,342.77,13012.0
2014-10-03,345.6,349.8,336.8,337.04,7145.1
2014-10-06,337.4,349.9,329.1,339.9,10015.8
2014-10-07,336.0,336.0,310.2,315.4,4835.4
2014-10-08,320.0,321.8,310.2,313.5,9660.1
2014-10-09,312.4,323.0,301.5,303.46,7570.4
2014-10-10,303.5,311.75,297.6,299.0,12561.0
2014-10-13,300.3,311.3,300.0,302.7,6238.6
2014-10-14,305.5,312.4,297.6,299.7,11080.3
2014-10-15,295.6,308.8,287.41,305.94,7758.099999999999
2014-10-16,309.8,309.8,287.6,304.14,3304.3
2014-10-17,309.3,316.9,300.2,302.1,6851.9
2014-10-20,300.0,309.3,296.8,302.1,4708.5
2014-10-21,303.3,328.8,303.3,326.7,9391.5
2014-10-22,325.2,334.6,315.4,326.4,5142.8
2014-10-23,325.8,353.0,325.2,339.04,7457.1
2014-10-24,339.3,342.4,336.8,342.2,2159.6
2014-10-27,329.3,338.5,327.5,335.9,2951.3
2014-10-28,339.0,339.0,330.3,334.04,6225.3
2014-10-29,332.8,348.9,327.63,335.3,11980.3
2014-10-30,340.3,367.5,332.5,356.9,15142.6
2014-10-31,365.7,369.9,356.4,358.8,7303.5
2014-11-03,358.8,364.4,349.1,359.8,7704.3
2014-11-04,360.9,373.8,354.5,363.9,7192.9
2014-11-05,365.7,368.9,327.4,335.1,8380.8
2014-11-06,334.0,348.0,330.2,347.5,3225.7
2014-11-07,346.0,350.2,330.2,350.0,5477.5
2014-11-10,350.0,357.1,338.0,344.07,3094.9
2014-11-11,344.8,352.5,330.2,331.2,4693.0
2014-11-12,328.2,342.4,327.0,336.43,2173.7
2014-11-13,335.5,349.4,335.5,346.0,14539.7
2014-11-14,345.2,349.8,327.6,339.6,11147.3
2014-11-17,339.6,345.67,328.1,328.1,5495.3
2014-11-18,330.2,338.5,329.8,337.9,3349.7
2014-11-19,338.4,338.4,325.7,326.36,2911.7
2014-11-20,325.5,340.42,320.2,338.1,7311.8
2014-11-21,343.8,353.8,332.31,346.4,4863.3
2014-11-24,348.5,361.9,337.9,356.63,5537.4
2014-11-25,358.7,396.7,349.0,386.84,30797.3
2014-11-26,385.1,408.2,383.1,401.7,22354.8
2014-11-28,402.1,409.9,390.6,394.91,3080.9
2014-12-01,393.0,397.37,370.35,379.4,14179.8
2014-12-02,383.1,400.0,378.5,398.5,12543.3
2014-12-03,399.9,425.4,392.9,411.6,17710.2
2014-12-04,412.9,427.02,400.1,421.9,10428.1
2014-12-05,424.4,443.5,422.9,435.0,12679.6
2014-12-08,438.1,444.8,431.0,442.55,7685.3
2014-12-09,439.1,490.7,435.7,469.6,34174.2
2014-12-10,470.0,470.4,455.2,467.64,11263.4
2014-12-11,467.6,541.7,466.8,489.1,52580.1
2014-12-12,494.6,518.3,490.0,505.0,18731.4
2014-12-15,509.4,524.0,480.91,512.64,19843.4
2014-12-16,509.0,523.5,505.4,507.9,19105.5
2014-12-17,506.9,523.5,500.1,504.56,17019.9
2014-12-18,514.5,524.0,484.4,503.66,14059.9
2014-12-19,507.1,525.6,500.2,515.6,73761.3
2014-12-22,513.5,522.3,505.8,517.0,12091.1
2014-12-23,517.3,520.0,483.4,485.0,11594.8
2014-12-24,484.2,484.2,460.0,473.0,14863.1
2014-12-26,475.0,488.1,465.15,486.4,4733.3
2014-12-29,488.6,526.3,488.1,519.2,10938.9
2014-12-30,516.4,559.8,511.55,558.9,18990.4
2014-12-31,562.9,573.7,538.5,539.96,20834.6
2015-01-02,540.0,591.3,540.0,589.2,16883.0
2015-01-05,590.0,609.8,581.1,587.5,15889.9
2015-01-06,584.9,598.7,537.6,539.5,36215.7
2015-01-07,550.0,607.0,550.0,600.8,27783.6
2015-01-08,600.0,624.8,589.7,596.5,181969.3
2015-01-09,592.5,603.5,570.0,586.6,42647.0
2015-01-12,587.0,594.9,570.2,588.5,26999.2
2015-01-13,592.3,607.0,573.7,588.8,20921.7
2015-01-14,579.0,589.9,567.6,569.5,12778.8
2015-01-15,582.9,604.4,510.8,515.54,32223.5
2015-01-16,513.4,513.4,464.1,489.13,64494.1
2015-01-20,486.1,500.0,470.2,476.4,39968.0
2015-01-21,473.0,476.3,399.3,416.1,68514.1
2015-01-22,416.4,435.09,370.1,432.6,71283.7
2015-01-23,430.0,430.0,395.5,408.16,27556.7
2015-01-26,393.2,441.5,390.0,439.5,53112.0
2015-01-27,426.1,434.6,418.5,420.5,34318.4
2015-01-28,421.0,431.4,396.2,410.1,36380.8
2015-01-29,411.7,418.9,377.75,394.9,23782.8
2015-01-30,400.0,404.6,390.0,396.8,40916.7
2015-02-02,397.7,399.9,360.1,376.1,30842.2
2015-02-03,376.1,376.6,340.4,356.93,41890.8
2015-02-04,355.9,355.9,332.5,335.53,27932.6
2015-02-05,337.8,347.7,324.7,332.8,43185.4
2015-02-06,334.1,345.2,329.2,332.7,19532.2
2015-02-09,330.6,375.4,325.11,362.4,66762.3
2015-02-10,365.0,392.8,337.34,388.8,42672.2
2015-02-11,388.6,396.8,357.8,371.68,23202.7
2015-02-12,362.3,367.8,353.1,361.08,22723.4
2015-02-13,377.4,382.4,358.12,362.9,41285.9
2015-02-17,361.3,369.0,357.6,366.62,16627.8
2015-02-18,368.0,402.5,368.0,397.7,54095.2
2015-02-19,393.0,408.2,386.9,399.5,39035.1
2015-02-20,399.5,403.5,380.2,393.43,23381.5
2015-02-23,391.9,402.1,366.4,368.8,25689.8
2015-02-24,370.4,377.0,361.0,367.46,15315.2
2015-02-25,366.1,375.6,355.7,369.6,21973.5
2015-02-26,370.3,374.45,360.2,367.43,19240.7
2015-02-27,367.7,374.5,359.2,361.8,15418.8
2015-03-02,361.8,376.7,359.5,368.04,24606.1
2015-03-03,368.0,369.1,346.3,346.9,25726.6
2015-03-04,345.5,366.3,341.0,366.3,22621.6
2015-03-05,370.0,382.37,359.6,379.35,33251.6
2015-03-06,380.0,380.0,352.6,359.6,25655.5
2015-03-09,361.5,375.0,352.2,375.0,18631.4
2015-03-10,379.9,394.5,363.4,379.06,33710.7
2015-03-11,379.8,390.0,372.6,384.83,27498.5
2015-03-12,387.8,406.7,381.5,405.1,23659.6
2015-03-13,406.0,442.5,403.8,429.37,56603.7
2015-03-16,434.7,444.28,415.6,417.5,32552.2
2015-03-17,417.0,422.5,409.2,421.1,20996.4
2015-03-18,421.3,421.3,405.2,414.2,21198.8
2015-03-19,417.4,451.4,414.1,442.5,36841.1
2015-03-20,450.0,451.82,430.7,446.09,51296.4
2015-03-23,443.8,448.7,429.7,430.7,29143.9
2015-03-24,431.2,445.1,425.9,436.04,24222.0
2015-03-25,444.8,449.0,404.0,404.0,71641.4
2015-03-26,410.4,420.0,376.54,384.0,72386.2
2015-03-27,392.9,404.1,380.0,386.0,42774.9
2015-03-30,387.3,396.7,373.9,394.1,40703.6
2015-03-31,392.7,411.5,390.5,405.17,22516.3
2015-04-01,405.2,405.2,381.7,390.6,44496.8
2015-04-02,389.1,390.0,375.5,380.0,24942.8
2015-04-06,380.0,389.4,374.2,385.0,19506.6
2015-04-07,385.0,393.0,380.2,388.5,31936.3
2015-04-08,392.0,405.5,387.3,404.8,18149.2
2015-04-09,402.3,405.6,390.8,394.2,21067.2
2015-04-10,395.2,412.8,390.6,406.9,17112.4
2015-04-13,410.0,410.87,385.3,392.1,21047.7
2015-04-14,393.9,407.2,391.6,399.9,28291.4
2015-04-15,403.1,421.0,401.5,413.7,28900.2
2015-04-16,414.6,425.6,410.0,420.9,24534.3
2015-04-17,416.8,420.1,400.3,403.3,36343.9
2015-04-20,400.2,406.5,391.5,395.2,17699.6
2015-04-21,398.7,398.7,390.2,393.5,19642.7
2015-04-22,394.1,397.4,378.6,389.3,22072.0
2015-04-23,389.3,389.6,381.5,384.9,14523.0
2015-04-24,386.2,397.1,373.9,375.7,14908.9
2015-04-27,370.0,402.5,337.3,402.5,45807.8
2015-04-28,354.3,380.0,340.0,372.5,26390.2
2015-04-29,372.5,380.0,349.6,363.0,21787.8
2015-04-30,360.0,360.0,316.2,318.71,30553.7
2015-05-01,322.7,336.5,318.1,331.7,23610.5
2015-05-04,330.0,330.0,294.7,309.1,43844.8
2015-05-05,308.0,310.3,290.5,294.4,16760.2
2015-05-06,292.7,336.5,290.6,335.0,41456.2
2015-05-07,333.9,342.6,321.0,330.4,18536.4
2015-05-08,334.5,339.0,321.0,324.7,20563.5
2015-05-11,326.0,349.8,320.25,348.5,22674.7
2015-05-12,348.7,348.7,333.7,338.8,16817.8
2015-05-13,339.5,363.5,335.1,356.5,20329.4
2015-05-14,358.1,362.4,345.1,359.5,27066.9
2015-05-15,359.6,362.4,347.4,351.0,29425.0
2015-05-18,351.0,368.0,347.7,366.7,32749.7
2015-05-19,363.6,387.1,363.6,382.4,30688.3
2015-05-20,384.3,396.52,377.0,390.5,34086.4
2015-05-21,393.0,395.3,384.8,391.1,49528.4
2015-05-22,389.6,393.0,375.8,380.3,17731.1
2015-05-26,379.4,388.0,360.2,370.2,25346.6
2015-05-27,372.1,394.8,369.82,391.3,39538.5
2015-05-28,395.2,395.2,366.0,372.6,33676.9
2015-05-29,373.3,380.5,368.6,372.8,28844.7
2015-06-01,372.8,378.9,356.4,372.4,24583.2
2015-06-02,370.4,384.9,365.5,375.2,22248.9
2015-06-03,376.5,388.3,370.7,375.1,34007.0
2015-06-04,373.7,388.6,372.1,388.2,21060.6
2015-06-05,388.6,405.28,381.65,402.8,30097.4
2015-06-08,401.5,401.5,373.9,377.0,30850.7
2015-06-09,376.3,378.92,349.6,370.3,32471.8
2015-06-10,372.2,399.9,364.3,397.3,31681.8
2015-06-11,400.1,408.1,390.0,407.9,27494.4
2015-06-12,404.5,416.0,397.9,414.0,43340.3
2015-06-15,413.0,520.0,219.6,228.9,189303.6
2015-06-16,225.0,227.6,170.1,174.4,985982.4
2015-06-17,176.0,184.0,167.2,168.77,349597.8
2015-06-18,169.0,171.6,160.3,161.5,233968.9
2015-06-19,162.3,163.2,150.3,156.0,364277.4
2015-06-22,156.5,164.2,154.0,162.4,170010.6
2015-06-23,164.7,170.0,160.0,164.0,120277.6
2015-06-24,162.4,169.7,162.4,167.0,102343.1
2015-06-25,169.0,169.0,161.0,162.6,63646.0
2015-06-26,162.0,164.0,156.1,158.9,166259.2
2015-06-29,156.1,158.1,152.4,152.4,57274.3
2015-06-30,153.4,164.7,152.8,164.4,70597.1
2015-07-01,162.4,166.1,160.0,160.7,51679.0
2015-07-02,160.2,161.65,157.0,160.5,27830.9
2015-07-06,158.8,164.8,157.03,163.2,30656.8
2015-07-07,163.2,164.2,157.7,159.6,42450.7
2015-07-08,158.2,160.5,153.2,154.6,36999.6
2015-07-09,157.2,159.0,152.7,153.0,22483.5
2015-07-10,158.2,164.6,157.0,162.5,26827.0
2015-07-13,166.0,166.9,163.0,163.6,33988.8
2015-07-14,164.6,168.3,163.6,167.1,42792.2
2015-07-15,169.4,170.1,164.0,164.0,55202.1
2015-07-16,165.6,168.4,164.7,166.5,25795.8
2015-07-17,165.7,168.2,163.0,166.8,42818.1
2015-07-20,167.2,169.0,165.7,167.8,46902.4
2015-07-21,167.5,169.0,163.5,163.5,24204.5
2015-07-22,166.1,167.7,162.5,165.0,28268.9
2015-07-23,165.2,167.3,151.6,153.6,19057.2
2015-07-24,156.1,156.2,145.0,145.0,77450.2
2015-07-27,145.0,147.5,140.3,142.9,51299.3
2015-07-28,143.0,147.1,140.6,141.0,49051.0
2015-07-29,142.5,146.7,140.7,142.9,43254.6
2015-07-30,141.5,145.8,140.1,142.8,23512.2
2015-07-31,143.7,152.8,142.1,147.2,28588.6
2015-08-03,147.8,156.3,146.5,153.9,29558.0
2015-08-04,153.9,154.9,150.0,151.3,15088.2
2015-08-05,153.7,156.0,148.6,150.0,30603.0
2015-08-06,146.0,151.5,142.1,143.3,18024.6
2015-08-07,141.1,142.9,137.9,138.0,26344.8
2015-08-10,139.7,148.7,139.26,145.22,21330.2
2015-08-11,144.2,148.5,138.5,141.0,28512.4
2015-08-12,138.0,145.3,137.5,143.3,32519.3
2015-08-13,142.8,148.4,110.0,117.9,53458.3
2015-08-14,115.0,122.6,93.6,100.0,631958.0
2015-08-17,102.5,114.0,101.1,106.0,196510.2
2015-08-18,108.0,115.1,108.0,110.9,68755.1
2015-08-19,109.1,111.6,103.6,108.4,79773.0
2015-08-20,106.4,109.3,101.8,102.6,64469.1
2015-08-21,101.1,109.4,99.1,106.2,40297.5
2015-08-24,102.2,108.9,99.4,101.4,76747.2
2015-08-25,105.0,105.0,99.6,100.8,45578.7
2015-08-26,103.1,105.3,97.9,105.1,39199.4
2015-08-27,105.0,108.7,104.6,106.7,40875.0
2015-08-28,106.7,108.6,106.0,107.8,40483.1
2015-08-31,106.7,109.1,103.45,104.6,31872.5
2015-09-01,103.5,105.6,101.2,102.4,31843.6
2015-09-02,103.2,106.63,101.0,106.4,28615.2
2015-09-03,106.5,106.6,100.7,101.5,30486.6
2015-09-04,100.2,102.2,99.1,101.7,34915.1
2015-09-08,103.3,106.3,103.08,105.0,56206.1
2015-09-09,106.2,108.8,105.7,107.8,36593.2
2015-09-10,107.4,110.65,105.4,110.1,32887.5
2015-09-11,109.7,109.7,105.54,106.4,17846.6
2015-09-14,106.9,106.9,102.4,105.2,25578.2
2015-09-15,105.9,109.5,104.8,107.5,32564.8
2015-09-16,107.1,111.7,105.5,111.5,30286.7
2015-09-17,109.8,115.0,108.88,113.2,61006.3
2015-09-18,111.8,113.9,109.7,112.4,46941.4
2015-09-21,113.9,114.6,102.3,105.1,56317.2
2015-09-22,102.9,104.6,99.5,101.7,58846.5
2015-09-23,102.4,102.5,97.9,98.3,54224.3
2015-09-24,97.7,100.5,97.5,98.4,37635.6
2015-09-25,99.4,99.4,88.5,91.3,63451.8
2015-09-28,90.5,92.1,83.8,86.9,36184.8
2015-09-29,86.3,87.1,78.9,81.1,45968.2
2015-09-30,82.0,84.3,78.6,82.4,57066.8
2015-10-01,82.4,83.6,79.0,80.3,41692.0
2015-10-02,80.5,85.0,77.7,84.9,30243.7
2015-10-05,86.5,92.0,83.4,86.8,57396.1
2015-10-06,87.5,87.6,81.4,84.7,36586.9
2015-10-07,85.1,89.0,83.7,86.5,33381.2
2015-10-08,85.9,86.8,81.1,84.7,31643.3
2015-10-09,84.8,86.3,83.75,84.8,25500.4
2015-10-12,84.9,86.55,80.8,82.0,16668.5
2015-10-13,81.8,84.7,78.0,78.2,33916.1
2015-10-14,78.7,81.4,78.0,80.0,36077.1
2015-10-15,79.6,83.85,79.6,83.5,47387.2
2015-10-16,83.3,85.55,82.1,84.9,30584.1
2015-10-19,84.6,86.3,83.1,85.4,43728.4
2015-10-20,85.1,87.1,81.7,82.6,20368.4
2015-10-21,82.2,82.7,76.3,78.4,54762.8
2015-10-22,78.7,80.1,75.0,76.4,39577.3
2015-10-23,77.2,79.3,75.3,76.6,29206.5
2015-10-26,76.4,79.0,74.6,74.9,31832.7
2015-10-27,74.7,80.5,74.0,80.3,48265.2
2015-10-28,80.4,85.8,78.4,85.6,35626.3
2015-10-29,85.2,89.5,83.6,84.6,31188.8
2015-10-30,84.5,86.0,83.0,84.3,33734.7
2015-11-02,84.7,93.6,84.7,90.5,61624.4
2015-11-03,90.5,93.9,89.5,92.8,41066.9
2015-11-04,93.1,95.2,91.6,94.1,32041.5
2015-11-05,94.0,94.0,89.0,90.9,20693.0
2015-11-06,91.2,95.0,88.6,95.0,32257.0
2015-11-09,95.8,96.0,92.2,93.6,28330.1
2015-11-10,92.0,92.0,77.65,79.9,88824.7
2015-11-11,79.9,81.3,78.9,79.0,16426.1
2015-11-12,78.1,79.5,76.1,77.8,22552.0
2015-11-13,77.3,82.5,76.5,79.5,21769.9
2015-11-16,80.3,82.1,76.2,78.4,19536.8
2015-11-17,78.7,82.0,76.5,77.5,19656.6
2015-11-18,77.5,84.8,77.5,84.3,55010.3
2015-11-19,84.1,86.1,81.9,84.6,36990.0
2015-11-20,85.3,88.1,84.0,87.1,25454.8
2015-11-23,86.9,91.7,86.4,91.5,27193.6
2015-11-24,90.7,95.9,89.8,95.1,31151.8
2015-11-25,95.5,100.0,94.8,100.0,36717.9
2015-11-27,99.3,103.29,99.3,101.0,24409.7
2015-11-30,101.4,106.9,100.6,104.8,52705.1
2015-12-01,105.4,106.8,97.3,99.4,30239.3
2015-12-02,99.5,103.1,97.7,100.2,22557.6
2015-12-03,100.5,101.2,91.4,92.4,22381.8
2015-12-04,93.0,95.6,91.9,93.8,16052.4
2015-12-07,93.8,93.8,88.2,89.3,17467.7
2015-12-08,88.0,94.2,88.0,92.9,15590.0
2015-12-09,92.9,93.95,89.5,90.4,18107.4
2015-12-10,90.2,92.2,89.1,90.5,14297.0
2015-12-11,91.5,91.5,84.5,85.4,22396.1
2015-12-14,85.0,87.0,82.9,83.6,16465.3
2015-12-15,85.1,90.1,84.25,88.5,15785.9
2015-12-16,89.0,92.0,86.3,90.9,19667.4
2015-12-17,91.2,92.35,87.55,89.0,14668.4
2015-12-18,89.0,94.9,89.0,92.3,31745.1
2015-12-21,93.1,96.9,89.9,96.9,19637.9
2015-12-22,97.1,97.8,91.5,92.7,19439.8
2015-12-23,93.4,95.2,91.6,93.1,12560.4
2015-12-24,93.7,96.2,93.56,95.5,11982.7
2015-12-28,94.3,95.0,84.9,91.5,15659.6
2015-12-29,93.4,97.5,92.6,97.1,25725.8
2015-12-30,97.3,98.4,93.7,94.5,15288.9
2015-12-31,94.3,95.9,93.62,95.2,20713.9
2016-01-04,93.3,93.65,85.3,87.0,24883.2
2016-01-05,87.5,89.6,84.7,88.0,13374.2
2016-01-06,86.4,86.4,78.2,79.5,27357.8
2016-01-07,77.4,82.15,72.6,75.1,25649.3
2016-01-08,76.0,78.3,71.7,72.8,34771.9
2016-01-11,73.2,73.2,64.55,66.5,32798.4
2016-01-12,67.7,70.1,60.6,63.3,40968.4
2016-01-13,63.7,63.94,59.8,60.2,53060.8
2016-01-14,61.1,62.0,57.2,60.0,49427.4
2016-01-15,57.9,60.9,57.3,60.7,32832.6
2016-01-19,61.8,63.3,55.4,57.5,36917.6
2016-01-20,55.8,62.9,54.1,61.8,42398.9
2016-01-21,61.8,64.0,59.2,62.4,27790.6
2016-01-22,63.8,66.2,61.7,64.2,26927.5
2016-01-25,63.6,66.0,62.9,63.8,20640.8
2016-01-26,64.0,65.1,59.6,65.0,28353.9
2016-01-27,64.8,65.9,61.6,63.0,24755.6
2016-01-28,63.4,65.1,57.4,58.4,25465.6
2016-01-29,58.4,62.4,57.1,60.0,38824.9
2016-02-01,62.4,64.8,50.7,52.5,62136.6
2016-02-02,50.5,52.1,47.5,48.15,43261.8
2016-02-03,48.0,48.9,45.25,47.0,57684.3
2016-02-04,47.0,50.1,46.0,47.1,28739.2
2016-02-05,47.1,48.5,44.2,45.0,54359.4
2016-02-08,43.6,43.8,41.0,41.9,66504.3
2016-02-09,41.0,42.7,40.0,41.5,38205.7
2016-02-10,41.8,46.9,41.1,45.7,118380.7
2016-02-11,44.8,48.9,41.7,47.5,95431.1
2016-02-12,47.5,49.0,46.4,48.0,33094.0
2016-02-16,48.0,49.95,46.7,49.6,44177.4
2016-02-17,50.2,53.2,48.8,49.6,46469.9
2016-02-18,52.0,53.3,49.7,52.5,33950.7
2016-02-19,52.0,55.5,49.2,55.0,40968.0
2016-02-22,55.6,56.9,52.6,55.1,48044.7
2016-02-23,54.9,55.69,52.6,53.5,37559.8
2016-02-24,53.0,53.8,50.2,52.9,24826.5
2016-02-25,53.0,55.1,51.5,53.0,19155.4
2016-02-26,53.4,55.5,51.4,55.3,26053.4
2016-02-29,55.3,55.7,50.5,51.2,44315.9
2016-03-01,51.6,54.6,49.6,54.4,30481.2
2016-03-02,54.4,59.0,51.6,59.0,40061.5
2016-03-03,58.8,58.8,53.0,53.3,49879.9
2016-03-04,51.0,54.9,51.0,53.6,31852.2
2016-03-07,53.5,58.1,50.9,53.6,34798.1
2016-03-08,56.6,57.0,51.6,51.8,24188.5
2016-03-09,52.0,52.48,50.0,51.2,42316.1
2016-03-10,51.7,53.5,50.4,50.7,26985.8
2016-03-11,50.7,52.0,49.8,52.0,41396.0
2016-03-14,51.8,53.5,51.3,52.8,17109.9
2016-03-15,52.1,52.1,48.5,48.7,30330.1
2016-03-16,48.8,49.8,48.1,49.0,20761.1
2016-03-17,49.0,50.45,46.6,49.9,24005.0
2016-03-18,50.3,52.5,48.3,52.1,37790.0
2016-03-21,52.5,54.7,50.3,53.8,24149.3
2016-03-22,53.4,55.6,51.9,54.0,20996.1
2016-03-23,53.6,55.8,49.4,49.6,37935.1
2016-03-24,48.9,52.55,47.7,50.9,20384.8
2016-03-28,50.6,51.4,48.6,50.0,27490.9
2016-03-29,49.9,51.0,48.4,50.8,34132.2
2016-03-30,50.8,52.3,48.5,49.7,36830.4
2016-03-31,50.1,53.9,49.4,51.8,32926.2
2016-04-01,50.9,52.7,50.4,52.0,24830.8
2016-04-04,52.2,55.0,51.2,54.1,40799.7
2016-04-05,53.7,54.5,52.5,53.5,14291.8
2016-04-06,53.8,56.5,53.1,54.9,37352.4
2016-04-07,54.6,55.48,52.5,52.9,26488.6
2016-04-08,52.9,53.9,51.8,52.0,30461.9
2016-04-11,52.2,53.3,50.75,51.1,16564.6
2016-04-12,51.2,52.2,50.0,50.9,20255.2
2016-04-13,51.9,54.3,51.0,53.4,31809.4
2016-04-14,53.6,54.6,52.6,53.0,22971.2
2016-04-15,52.8,54.7,51.77,53.6,24303.3
2016-04-18,54.6,56.1,52.7,55.8,33300.6
2016-04-19,56.5,57.4,52.7,55.3,27498.5
2016-04-20,55.6,57.1,55.2,56.5,17965.5
2016-04-21,56.7,61.6,56.7,60.1,38376.4
2016-04-22,61.4,62.7,59.9,62.4,18496.2
2016-04-25,62.5,63.1,59.9,61.1,17344.2
2016-04-26,61.0,62.2,60.25,61.4,14795.1
2016-04-27,61.1,61.2,57.1,57.5,40651.8
2016-04-28,57.5,57.9,56.1,56.8,32761.1
2016-04-29,56.8,58.6,55.8,56.41,20007.4
2016-05-02,56.7,57.6,54.9,57.0,20604.1
2016-05-03,56.2,56.75,53.6,53.7,18262.3
2016-05-04,53.0,53.5,49.7,49.9,19488.2
2016-05-05,49.9,52.6,47.5,48.3,30775.0
2016-05-06,47.0,48.3,41.0,41.3,51269.3
2016-05-09,40.5,41.5,38.9,40.3,35347.6
2016-05-10,40.8,44.0,39.5,43.2,19766.1
2016-05-11,43.0,43.0,41.3,41.4,25875.5
2016-05-12,48.0,48.0,38.0,38.8,11930.2
2016-05-13,38.9,38.9,36.2,36.4,36004.9
2016-05-16,36.6,39.0,36.5,38.5,21381.7
2016-05-17,37.5,40.4,37.2,38.6,26775.8
2016-05-18,37.9,41.0,37.5,40.8,19206.5
2016-05-19,40.3,41.8,38.4,39.2,15410.2
2016-05-20,39.6,42.0,39.5,40.9,18143.4
2016-05-23,41.0,45.0,40.9,43.55,16194.0
2016-05-24,43.5,45.8,42.1,43.6,43647.1
2016-05-25,42.2,45.9,41.8,43.2,11804.0
2016-05-26,43.2,43.9,41.6,42.7,12031.0
2016-05-27,43.1,45.6,41.7,45.0,19377.3
2016-05-31,45.4,46.9,44.8,45.2,12910.9
2016-06-01,45.1,47.0,44.9,45.2,15709.9
2016-06-02,45.3,47.0,43.44,46.8,12130.2
2016-06-03,46.7,46.9,43.7,44.6,7820.8
2016-06-06,45.1,46.6,43.3,44.6,14840.0
2016-06-07,44.1,46.0,43.5,45.2,9831.4
2016-06-08,43.6,43.9,41.4,41.7,20289.0
2016-06-09,41.4,41.9,39.0,39.2,14707.5
2016-06-10,39.1,40.0,37.6,38.9,16852.0
2016-06-13,38.3,39.5,36.0,37.0,27177.0
2016-06-14,36.8,37.3,34.0,34.4,19504.5
2016-06-15,34.6,35.25,33.9,34.4,10471.8
2016-06-16,34.5,35.3,33.1,35.0,7217.8
2016-06-17,35.2,35.2,33.0,33.1,28771.7
2016-06-20,33.8,34.9,33.15,33.4,10444.2
2016-06-21,33.3,34.3,32.0,32.7,9767.1
2016-06-22,32.8,34.7,32.0,33.1,7925.9
2016-06-23,33.1,35.6,32.6,35.5,13138.1
2016-06-24,33.7,34.3,32.0,32.3,78656.7
2016-06-27,32.1,33.3,30.0,30.2,20841.6
2016-06-28,31.0,33.1,31.0,32.7,11035.7
2016-06-29,32.9,33.5,32.2,32.6,16131.6
2016-06-30,32.6,33.6,31.3,31.6,14264.5
2016-07-01,31.4,33.8,31.4,33.3,25456.2
2016-07-05,33.4,34.0,31.2,31.7,8190.8
2016-07-06,31.5,32.5,30.6,31.2,14150.6
2016-07-07,31.6,32.4,31.1,32.0,10486.0
2016-07-08,32.6,34.7,32.4,33.8,18273.5
2016-07-11,34.2,34.78,33.2,33.4,8090.5
2016-07-12,33.7,34.4,33.3,33.9,12416.9
2016-07-13,34.1,34.3,31.3,31.4,11962.9
2016-07-14,31.9,33.0,30.0,30.4,19490.1
2016-07-15,30.8,32.0,30.6,31.9,12239.4
2016-07-18,31.9,32.3,31.4,31.9,14711.0
2016-07-19,32.1,32.3,30.3,30.7,16033.8
2016-07-20,30.7,31.7,30.15,30.5,22548.4
2016-07-21,30.5,31.4,29.9,30.5,18340.5
2016-07-22,30.7,32.5,30.2,32.5,34252.7
2016-07-25,37.0,37.0,32.0,32.5,38209.4
2016-07-26,32.5,33.0,31.3,32.4,28086.0
2016-07-27,32.8,34.1,32.4,33.3,20992.4
2016-07-28,33.8,38.5,32.9,38.1,148155.7
2016-07-29,38.3,39.4,33.3,36.0,128949.1
2016-08-01,36.1,36.3,33.1,34.9,51352.1
2016-08-02,39.0,39.0,33.2,36.1,34909.9
2016-08-03,35.5,44.7,34.51,42.7,222625.6
2016-08-04,41.8,48.6,41.8,47.0,112712.4
2016-08-05,45.5,46.4,42.3,42.5,33980.7
2016-08-08,44.0,46.4,43.8,44.0,31570.0
2016-08-09,44.9,50.0,43.1,49.7,14029.5
2016-08-10,46.0,46.0,44.3,45.0,16551.0
2016-08-11,44.7,45.9,44.5,45.3,13119.1
2016-08-12,45.2,47.3,44.31,46.0,9142.3
2016-08-15,46.5,47.9,46.26,47.6,21437.8
2016-08-16,47.0,47.8,43.7,45.0,13514.5
2016-08-17,45.0,45.2,41.4,42.7,16949.2
2016-08-18,42.9,44.7,42.2,43.7,9920.1
2016-08-19,43.7,43.7,40.2,42.1,17319.4
2016-08-22,42.0,42.6,41.3,42.4,10486.1
2016-08-23,42.4,44.8,42.02,44.8,13029.2
2016-08-24,44.6,45.2,40.3,40.5,13567.8
2016-08-25,40.4,43.2,36.04,36.4,22551.6
2016-08-26,36.8,38.2,35.15,37.9,12950.7
2016-08-29,38.1,38.6,37.0,37.1,9890.4
2016-08-30,37.1,39.6,37.0,37.4,4761.8
2016-08-31,37.3,37.43,35.1,35.8,14819.0
2016-09-01,36.0,36.9,35.0,35.5,7049.4
2016-09-02,35.9,38.0,34.3,37.4,27485.1
2016-09-06,37.6,37.6,34.5,34.8,16787.4
2016-09-07,34.9,37.7,34.9,35.8,15873.0
2016-09-08,35.3,37.69,35.3,37.2,11484.5
2016-09-09,36.6,39.68,36.3,38.6,21362.9
2016-09-12,38.0,40.6,37.5,40.4,20156.8
2016-09-13,40.2,40.2,36.1,36.7,23010.6
2016-09-14,36.8,38.0,35.63,36.2,17397.7
2016-09-15,36.3,37.8,35.0,37.6,11931.3
2016-09-16,37.8,39.3,36.3,37.9,14820.6
2016-09-19,38.4,39.8,36.4,38.0,10064.7
2016-09-20,38.6,41.5,38.0,40.9,20094.2
2016-09-21,41.5,41.5,39.1,40.8,14798.9
2016-09-22,40.9,42.09,40.2,41.9,8837.4
2016-09-23,41.9,44.0,41.7,42.0,32555.4
2016-09-26,42.2,42.2,40.0,40.2,13075.5
2016-09-27,40.0,42.9,38.7,42.1,17479.4
2016-09-28,42.1,43.9,40.6,41.6,10934.8
2016-09-29,42.0,42.0,39.01,40.1,13569.0
2016-09-30,40.1,42.0,39.4,41.1,17777.7
2016-10-03,44.4,44.4,41.4,42.4,16611.5
2016-10-04,44.0,45.5,40.0,42.0,13347.8
2016-10-05,42.1,44.7,41.1,43.5,19501.2
2016-10-06,45.5,45.5,41.5,43.3,14858.5
2016-10-07,43.2,43.2,40.15,40.4,7976.3
2016-10-10,41.1,42.2,40.7,41.8,7168.7
2016-10-11,41.7,41.7,39.5,39.9,9646.6
2016-10-12,40.0,41.0,37.8,38.1,13412.8
2016-10-13,37.5,37.9,36.5,36.9,14152.5
2016-10-14,49.9,49.9,35.2,35.7,14803.3
2016-10-17,35.5,37.4,33.3,33.7,17965.3
2016-10-18,34.1,34.8,32.9,34.4,3517.8
2016-10-19,35.0,35.0,33.0,33.9,5153.5
2016-10-20,33.2,34.4,33.2,33.6,9810.2
2016-10-21,33.2,33.6,29.75,31.5,38082.3
2016-10-24,31.9,32.1,30.5,30.9,11885.4
2016-10-25,30.3,31.4,28.6,29.3,26027.4
2016-10-26,29.4,31.1,29.2,30.2,15831.1
2016-10-27,30.8,30.9,29.8,29.9,12409.7
2016-10-28,29.9,30.8,29.4,29.7,11629.2
2016-10-31,30.0,30.5,29.0,29.5,9348.4
2016-11-01,30.0,30.5,29.0,30.0,6512.2
2016-11-02,30.5,31.0,29.5,30.5,8670.7
2016-11-03,31.0,31.0,28.5,29.0,15941.1
2016-11-04,28.5,29.5,27.4,28.5,15629.6
2016-11-07,30.5,30.5,29.0,29.5,5145.8
2016-11-08,29.5,30.0,27.5,27.5,9939.6
2016-11-09,30.0,33.5,28.0,33.0,37547.7
2016-11-10,33.0,36.0,32.5,35.75,18044.8
2016-11-11,36.0,37.0,34.5,36.5,17597.7
2016-11-14,36.5,38.0,34.5,36.0,16137.2
2016-11-15,35.0,35.5,31.6,34.0,18112.2
2016-11-16,33.5,37.5,33.0,35.5,9171.9
2016-11-17,35.5,37.0,34.5,35.0,6252.7
2016-11-18,35.0,36.0,34.0,35.5,7824.7
2016-11-21,35.0,35.5,27.5,30.0,92620.4
2016-11-22,30.5,30.5,29.0,30.0,21206.0
2016-11-23,29.0,30.0,28.0,30.0,26076.2
2016-11-25,30.0,30.5,28.5,29.5,7295.2
2016-11-28,30.0,30.0,28.5,29.5,21262.5
2016-11-29,30.0,30.5,28.5,29.0,18244.8
2016-11-30,29.0,30.0,28.5,28.5,9094.5
2016-12-01,29.0,29.5,28.0,28.0,21845.3
2016-12-02,28.0,29.0,28.0,28.5,8024.9
2016-12-05,29.0,30.0,28.5,30.0,14706.1
2016-12-06,30.0,30.5,28.5,30.0,18750.3
2016-12-07,29.5,30.5,29.0,29.5,22500.9
2016-12-08,29.5,32.5,29.5,32.0,26085.1
2016-12-09,31.0,33.0,31.0,32.0,18950.9
2016-12-12,31.5,32.0,29.0,29.0,18842.3
2016-12-13,30.0,30.0,29.0,29.5,23542.0
2016-12-14,29.5,29.5,28.5,29.0,15861.4
2016-12-15,29.0,30.0,28.64,29.5,13922.9
2016-12-16,29.5,32.0,29.5,30.0,105915.1
2016-12-19,31.5,32.0,31.0,31.5,18209.8
2016-12-20,32.0,34.6,32.0,34.5,24147.2
2016-12-21,34.5,34.75,33.0,33.5,12426.4
2016-12-22,33.5,34.5,32.5,33.0,16566.3
2016-12-23,33.5,34.25,32.5,33.0,12003.8
2016-12-27,33.0,34.0,32.0,32.5,16103.7
2016-12-28,32.0,32.0,29.5,30.0,33466.5
2016-12-29,30.0,31.0,29.5,29.5,28046.0
2016-12-30,30.0,31.0,28.5,29.0,57877.2
2017-01-03,30.0,31.0,29.0,29.5,8811.2
2017-01-04,30.5,33.5,30.0,33.5,22254.0
2017-01-05,33.5,33.5,30.0,32.0,39496.1
2017-01-06,31.0,31.0,30.0,30.0,19831.5
2017-01-09,30.5,31.5,30.0,30.5,12936.9
2017-01-10,31.0,31.5,30.0,30.0,16976.3
2017-01-11,31.0,31.0,29.0,29.0,23945.8
2017-01-12,29.39,30.5,29.0,30.0,23791.1
2017-01-13,30.0,32.0,30.0,31.5,20074.2
2017-01-17,31.5,31.5,30.5,30.5,9270.8
2017-01-18,30.5,31.0,30.0,30.5,15272.3
2017-01-19,30.0,30.5,29.5,29.5,13932.7
2017-01-20,29.5,29.75,28.75,29.5,7692.6
2017-01-23,29.5,29.5,29.0,29.0,5558.0
2017-01-24,29.0,29.25,28.5,28.5,11357.9
2017-01-25,29.5,29.5,28.5,29.0,21762.0
2017-01-26,28.5,29.5,28.5,29.0,19668.2
2017-01-27,29.0,29.5,28.5,28.5,11105.8
2017-01-30,27.6,29.0,27.6,28.5,8445.4
2017-01-31,28.5,29.0,28.5,29.0,17682.0
2017-02-01,29.0,29.75,28.5,29.5,27972.9
2017-02-02,29.5,29.5,29.0,29.0,7414.3
2017-02-03,29.5,29.5,28.5,29.0,12522.8
2017-02-06,29.0,29.5,28.5,29.5,28025.4
2017-02-07,29.5,29.5,28.0,28.5,24972.6
2017-02-08,28.5,29.5,28.0,28.0,37123.2
2017-02-09,28.0,28.5,27.0,27.0,31372.8
2017-02-10,27.5,30.0,27.0,30.0,54315.5
2017-02-13,29.5,31.0,29.0,29.5,48457.4
2017-02-14,29.5,30.0,28.5,29.0,15389.7
2017-02-15,28.5,29.5,28.0,29.0,14749.5
2017-02-16,29.5,29.5,28.0,28.5,18023.5
2017-02-17,28.5,28.5,27.0,28.0,40857.6
2017-02-21,28.5,28.5,27.5,27.5,9657.6
2017-02-22,28.0,28.5,27.0,27.0,8763.8
2017-02-23,27.5,27.75,27.0,27.0,11416.5
2017-02-24,27.0,27.5,26.5,26.5,17371.5
2017-02-27,27.0,27.5,26.5,27.5,12216.1
2017-02-28,27.5,27.5,26.5,26.5,15974.2
2017-03-01,27.0,28.5,26.5,28.5,27918.8
2017-03-02,28.0,28.5,27.5,28.0,7666.8
2017-03-03,28.0,29.0,27.0,29.0,12525.5
2017-03-06,28.5,29.0,27.5,28.0,17879.8
2017-03-07,28.0,28.25,27.5,27.5,15160.1
2017-03-08,28.0,28.5,27.0,28.0,12629.1
2017-03-09,28.0,30.0,27.1,28.5,14638.5
2017-03-10,28.5,28.5,27.0,27.5,13779.5
2017-03-13,27.5,28.0,26.0,28.0,51045.4
2017-03-14,28.0,28.0,27.0,27.5,6789.6
2017-03-15,27.5,28.0,27.0,27.5,12761.5
2017-03-16,27.0,27.5,26.5,27.5,14276.5
2017-03-17,27.0,28.0,26.5,27.5,18707.2
2017-03-20,27.5,27.5,26.0,27.0,17201.9
2017-03-21,27.0,27.0,25.5,25.5,16782.2
2017-03-22,26.0,26.0,25.5,26.0,10628.5
2017-03-23,25.5,27.5,25.25,26.0,54282.8
2017-03-24,26.25,27.25,25.5,26.5,39298.5
2017-03-27,26.55,27.5,26.0,27.5,35176.0
2017-03-28,27.0,28.0,26.5,27.5,15188.3
2017-03-29,27.0,28.5,27.0,28.0,35958.1
2017-03-30,28.5,28.5,26.5,27.0,26400.0
2017-03-31,27.5,27.5,26.5,27.0,14636.1
2017-04-03,27.0,27.5,26.5,26.5,11525.9
2017-04-04,26.5,27.5,26.0,27.0,8525.5
2017-04-05,27.0,27.5,26.5,26.5,13238.0
2017-04-06,26.5,27.0,25.5,25.5,16994.9
2017-04-07,25.5,26.0,25.0,25.5,25044.7
2017-04-10,25.0,27.5,25.0,27.0,23125.2
2017-04-11,27.5,27.5,26.0,27.5,19119.4
2017-04-12,27.0,28.0,26.0,26.5,15777.7
2017-04-13,26.5,27.0,26.0,26.5,9211.7
2017-04-17,27.0,28.0,26.0,26.5,33349.3
2017-04-18,26.0,26.75,25.5,25.75,25259.3
2017-04-19,26.0,26.5,25.0,26.45,33346.8
2017-04-20,26.5,26.5,25.5,26.0,14130.5
2017-04-21,26.5,27.5,26.0,26.0,30858.5
2017-04-24,27.5,27.5,26.0,26.0,14237.3
2017-04-25,26.5,27.0,26.5,26.5,10337.5
2017-04-26,27.0,28.0,26.5,28.0,21517.8
2017-04-27,27.5,28.0,26.0,26.5,15084.1
2017-04-28,27.0,29.5,26.5,28.5,89056.9
2017-05-01,28.5,32.0,28.05,30.0,75417.5
2017-05-02,30.0,30.31,27.5,28.0,32561.2
2017-05-03,28.0,28.5,27.5,28.0,15052.5
2017-05-04,28.0,28.5,27.5,28.5,23792.1
2017-05-05,28.0,28.5,27.5,27.5,22077.4
2017-05-08,28.0,28.5,27.5,28.0,10827.0
2017-05-09,27.5,29.0,27.5,28.0,35911.7
2017-05-10,27.5,28.5,27.0,27.5,18924.6
2017-05-11,28.5,32.0,27.0,32.0,32750.0
2017-05-12,29.5,31.0,28.5,30.5,23514.3
2017-05-15,30.5,31.5,29.0,31.5,35165.4
2017-05-16,31.0,31.0,29.0,29.5,5052.0
2017-05-17,29.0,29.4,28.0,28.0,7190.1
2017-05-18,28.5,29.25,28.0,28.0,13719.9
2017-05-19,28.0,28.5,27.0,27.0,17413.9
2017-05-22,27.0,28.0,27.0,28.0,8277.9
2017-05-23,27.5,28.0,27.0,27.25,10087.4
2017-05-24,27.0,28.0,27.0,27.5,10933.0
2017-05-25,27.5,27.5,26.5,26.5,13622.7
2017-05-26,26.5,27.0,26.25,27.0,23134.5
2017-05-30,27.0,27.0,26.0,26.0,14816.4
2017-05-31,26.0,26.5,25.5,25.5,23367.5
2017-06-01,26.0,27.0,26.0,26.05,16736.0
2017-06-02,26.5,27.5,26.0,27.5,11928.0
2017-06-05,27.0,27.5,26.5,26.5,11486.8
2017-06-06,26.0,27.25,26.0,26.55,14569.3
2017-06-07,26.5,27.5,26.0,27.0,18882.1
2017-06-08,26.5,27.5,26.5,27.5,8359.1
2017-06-09,27.5,27.5,26.5,27.0,15949.7
2017-06-12,26.5,28.25,26.5,27.5,21898.6
2017-06-13,28.0,28.0,27.0,27.5,11729.1
2017-06-14,27.5,28.0,27.0,27.5,8869.0
2017-06-15,27.5,28.5,26.5,27.0,27906.2
2017-06-16,26.5,28.5,26.5,27.5,34773.5
2017-06-19,28.0,30.5,27.5,29.0,109241.8
2017-06-20,28.5,29.5,28.0,28.5,50322.3
2017-06-21,28.4,30.5,28.1,30.0,51068.4
2017-06-22,30.0,31.0,28.0,28.5,55428.8
2017-06-23,28.5,29.5,27.5,27.5,244082.30000000002
2017-06-26,28.0,29.5,27.0,27.5,50265.3
2017-06-27,27.5,28.5,26.6,27.0,10252.0
2017-06-28,27.0,27.5,25.0,25.75,40906.1
2017-06-29,26.0,26.0,25.0,25.0,51813.6
2017-06-30,25.5,25.5,24.5,25.0,31946.9
2017-07-03,25.5,25.5,24.5,25.0,13853.1
2017-07-05,24.5,25.5,24.5,25.0,12334.1
2017-07-06,25.5,25.5,24.5,24.5,28220.7
2017-07-07,25.0,26.5,24.5,26.0,16537.6
2017-07-10,25.5,26.0,24.75,25.0,25209.6
2017-07-11,25.0,26.0,25.0,25.0,34947.3
2017-07-12,25.5,26.0,25.0,25.0,41443.1
2017-07-13,25.5,26.0,25.0,25.5,12388.2
2017-07-14,25.75,28.45,25.25,25.5,38321.7
2017-07-17,26.5,28.0,26.5,27.0,16550.3
2017-07-18,27.0,27.5,26.0,26.5,12646.4
2017-07-19,26.5,27.0,26.0,26.0,8742.4
2017-07-20,26.0,27.0,26.0,26.5,3853.1
2017-07-21,26.5,28.0,26.5,26.5,10850.6
2017-07-24,27.0,27.4,26.0,27.0,16397.7
2017-07-25,27.0,28.0,26.0,26.0,10550.3
2017-07-26,26.5,26.5,25.5,26.0,11987.8
2017-07-27,26.0,26.5,25.25,25.5,10889.3
2017-07-28,25.5,26.0,25.0,25.5,8543.4
2017-07-31,25.5,26.0,25.25,25.5,7920.5
2017-08-01,25.5,26.0,25.0,25.0,12317.1
2017-08-02,25.0,25.5,24.5,25.0,14500.0
2017-08-03,25.0,25.5,24.75,25.5,9185.4
2017-08-04,25.5,25.5,24.75,25.0,14017.3
2017-08-07,25.0,25.5,24.6,25.5,9857.5
2017-08-08,25.0,25.5,24.75,25.25,13885.6
2017-08-09,25.5,25.75,24.5,25.0,29325.1
2017-08-10,25.0,25.5,25.0,25.45,14854.8
2017-08-11,25.0,25.5,25.0,25.5,6349.0
2017-08-14,25.5,25.5,25.0,25.5,5570.2
2017-08-15,25.5,25.5,25.0,25.5,5935.8
2017-08-16,25.5,25.5,25.0,25.0,5424.8
2017-08-17,25.0,25.5,24.0,24.0,11914.2
2017-08-18,24.5,25.0,24.0,24.5,15321.5
2017-08-21,24.5,26.0,24.5,25.0,26123.1
2017-08-22,25.0,25.5,24.75,25.0,8828.0
2017-08-23,24.5,25.5,24.5,24.5,7841.0
2017-08-24,25.0,27.5,24.5,25.5,58716.6
2017-08-25,26.95,29.5,26.0,26.0,39552.0
2017-08-28,26.0,28.5,26.0,26.5,21154.6
2017-08-29,26.5,28.0,26.5,27.5,7747.3
2017-08-30,27.75,28.5,27.5,28.0,20160.9
2017-08-31,28.0,28.5,27.5,27.5,9315.5
2017-09-01,28.0,28.5,27.5,28.0,18034.1
2017-09-05,28.0,28.0,25.0,25.45,33171.6
2017-09-06,25.5,27.5,25.5,27.25,25827.8
2017-09-07,27.0,29.5,26.5,27.0,42390.5
2017-09-08,27.0,29.9,27.0,28.0,34937.5
2017-09-11,28.5,31.0,28.5,30.0,43190.1
2017-09-12,30.0,30.5,28.75,30.0,18775.9
2017-09-13,30.5,32.5,29.5,31.5,50927.2
2017-09-14,32.0,35.75,31.12,34.5,45068.8
2017-09-15,35.0,37.0,33.75,36.0,84667.1
2017-09-18,35.0,36.25,33.5,35.0,47537.8
2017-09-19,34.0,35.0,34.0,35.0,10952.4
2017-09-20,34.5,36.0,34.11,34.5,9583.1
2017-09-21,34.5,35.5,32.5,35.5,21987.5
2017-09-22,35.0,35.95,33.0,34.0,14172.4
2017-09-25,35.0,35.5,32.25,33.0,25904.7
2017-09-26,33.5,33.5,31.1,33.5,19805.2
2017-09-27,33.5,36.0,32.5,36.0,20648.3
2017-09-28,35.0,36.0,34.25,34.5,11744.1
2017-09-29,34.0,38.5,33.5,36.5,26874.8
2017-10-02,36.0,39.95,35.5,39.95,18700.8
2017-10-03,40.0,40.0,37.0,38.0,30935.0
2017-10-04,38.0,38.5,37.0,37.5,9314.1
2017-10-05,36.5,37.5,36.0,36.5,23513.6
2017-10-06,36.5,36.5,34.55,35.5,16981.2
2017-10-09,35.0,36.4,35.0,35.5,6498.9
2017-10-10,35.5,37.0,35.5,36.5,36998.1
2017-10-11,37.0,37.0,35.5,36.5,19223.8
2017-10-12,37.5,40.5,36.25,40.5,172770.7
2017-10-13,40.45,42.0,35.5,36.5,76706.6
2017-10-16,38.0,39.0,35.5,37.0,55573.2
2017-10-17,37.5,37.5,33.5,36.0,35049.1
2017-10-18,36.0,36.0,34.0,34.5,11534.3
2017-10-19,33.5,34.5,32.9,33.5,10889.0
2017-10-20,34.0,35.25,32.5,34.75,21733.3
2017-10-23,35.0,35.0,33.5,33.5,9615.9
2017-10-24,33.5,34.0,31.5,32.0,34396.0
2017-10-25,31.5,33.0,31.5,31.5,14184.3
2017-10-26,32.0,32.5,30.5,31.5,9940.3
2017-10-27,31.5,32.25,30.0,32.0,17454.1
2017-10-30,31.5,33.0,31.0,32.5,27891.5
2017-10-31,32.5,33.0,31.0,32.5,16660.1
2017-11-01,32.5,32.75,30.5,31.5,16788.4
2017-11-02,31.95,32.5,30.6,32.5,10835.7
2017-11-03,32.0,35.5,32.0,32.5,54181.8
2017-11-06,32.5,33.5,31.5,32.0,13366.1
2017-11-07,31.74,32.0,30.0,31.5,18203.9
2017-11-08,31.0,31.0,29.0,30.0,17360.1
2017-11-09,29.0,31.0,29.0,29.5,15559.5
2017-11-10,29.0,30.0,28.5,29.0,33577.7
2017-11-13,29.0,30.5,29.0,30.0,21906.6
2017-11-14,30.0,31.5,29.0,31.0,24473.2
2017-11-15,31.0,31.5,29.5,30.0,13882.4
2017-11-16,30.0,31.75,29.5,31.5,16045.1
2017-11-17,31.0,32.0,30.5,31.5,61617.8
2017-11-20,32.0,32.5,29.0,29.5,29375.2
2017-11-21,30.0,31.0,29.1,30.0,22263.2
2017-11-22,30.5,31.0,30.0,31.0,9442.3
2017-11-24,30.25,30.5,29.75,30.5,6485.8
2017-11-27,30.0,32.0,29.88,30.5,39050.0
2017-11-28,31.0,32.0,30.5,30.5,59764.7
2017-11-29,31.0,32.0,29.5,29.5,23594.2
2017-11-30,30.0,31.5,29.5,31.0,73972.7
2017-12-01,30.5,31.25,29.5,30.5,143215.6
2017-12-04,30.4,31.5,30.0,30.0,18316.5
2017-12-05,30.5,31.75,29.75,30.5,40263.9
2017-12-06,32.1,32.5,31.0,31.5,96560.8
2017-12-07,31.5,33.0,31.0,33.0,94869.9
2017-12-08,33.0,35.0,32.0,34.5,66200.3
2017-12-11,34.4,35.0,32.25,33.0,83976.4
2017-12-12,34.0,34.0,31.5,31.55,33560.9
2017-12-13,31.5,32.0,30.5,31.0,42010.1
2017-12-14,31.5,33.0,30.5,31.0,31373.2
2017-12-15,31.0,31.5,29.5,30.0,57395.2
2017-12-18,30.0,33.5,30.0,32.0,82342.7
2017-12-19,32.5,35.0,32.5,33.5,58059.8
2017-12-20,34.0,34.5,33.0,34.0,29839.7
2017-12-21,34.5,35.0,34.0,34.5,23078.2
2017-12-22,34.0,35.0,33.5,35.0,27669.1
2017-12-26,34.0,35.5,34.0,35.5,45545.7
2017-12-27,35.5,36.0,34.5,36.0,69593.6
2017-12-28,36.0,36.5,34.5,36.5,133925.2
2017-12-29,37.0,37.0,35.0,36.5,90170.2
2018-01-02,36.0,37.5,35.0,36.55,177825.2
2018-01-03,37.0,43.5,37.0,42.95,151123.6
2018-01-04,43.0,44.0,40.5,44.0,147464.8
2018-01-05,44.0,44.5,43.0,44.5,86689.6
2018-01-08,45.0,45.0,41.6,42.5,63928.0
2018-01-09,42.5,44.0,38.5,41.0,102167.2
2018-01-10,41.0,43.5,40.5,42.5,63542.9
2018-01-11,43.0,43.0,39.5,39.95,138759.3
2018-01-12,40.0,40.75,39.5,39.5,48529.4
2018-01-16,40.0,45.5,39.75,42.5,170840.3
2018-01-17,44.0,47.55,42.25,47.55,63954.7
2018-01-18,48.0,48.5,45.1,47.0,153300.69999999998
2018-01-19,47.0,49.5,46.5,49.0,86065.7
2018-01-22,49.0,53.0,48.5,51.5,124768.2
2018-01-23,52.0,57.5,51.0,54.5,162885.2
2018-01-24,56.0,58.5,54.0,57.5,104727.1
2018-01-25,59.45,68.5,58.5,65.5,348498.5
2018-01-26,66.5,73.5,64.5,71.0,436817.7
2018-01-29,70.5,80.0,70.0,79.5,300783.4
2018-01-30,75.55,83.0,70.08,81.45,275257.1
2018-01-31,81.95,85.9,71.0,72.5,255306.8
2018-02-01,72.55,79.5,69.5,76.5,167017.2
2018-02-02,76.0,77.0,71.5,73.5,97264.5
2018-02-05,73.0,76.5,70.0,70.05,101774.6
2018-02-06,70.0,75.0,63.05,69.0,156388.0
2018-02-07,69.5,75.0,65.0,71.0,86219.3
2018-02-08,70.0,78.5,70.0,75.0,667883.9
2018-02-09,75.0,76.5,63.6,70.55,192561.4
2018-02-12,74.0,74.0,67.25,68.5,94372.1
2018-02-13,69.0,73.45,67.5,69.0,144610.0
2018-02-14,69.0,69.5,65.0,65.0,122852.3
2018-02-15,69.0,69.5,60.0,64.0,254601.7
2018-02-16,64.0,66.5,62.0,65.5,183132.6
2018-02-20,64.5,65.75,61.0,62.0,87286.3
2018-02-21,61.5,66.0,59.5,66.0,144082.1
2018-02-22,64.0,69.5,62.5,67.95,170992.6
2018-02-23,70.0,71.5,66.0,69.5,102622.7
2018-02-26,70.0,72.5,66.25,66.55,177618.4
2018-02-27,67.0,69.5,66.5,68.0,96020.6
2018-02-28,67.5,73.25,67.5,68.55,161000.6
2018-03-01,69.0,69.0,63.0,66.5,141670.1
2018-03-02,66.5,74.5,64.5,74.5,157910.2
2018-03-05,74.5,78.5,71.5,72.5,213655.3
2018-03-06,74.0,76.0,67.5,72.0,137461.8
2018-03-07,71.5,72.5,67.5,69.5,84656.9
2018-03-08,69.0,70.5,67.5,68.0,82381.2
2018-03-09,68.0,68.9,64.5,67.0,113251.0
2018-03-12,67.5,70.5,63.73,69.0,135458.2
2018-03-13,68.5,74.0,67.0,69.5,155908.1
2018-03-14,70.5,76.0,69.5,73.5,132120.4
2018-03-15,74.0,80.5,72.5,76.0,233267.5
2018-03-16,78.9,78.9,70.0,72.0,126869.8
2018-03-19,72.0,72.0,64.0,64.0,167555.4
2018-03-20,65.1,68.0,64.0,66.5,113612.9
2018-03-21,66.5,67.28,60.0,66.0,90497.8
2018-03-22,65.5,66.75,62.5,64.0,63911.6
2018-03-23,64.0,65.5,62.45,64.0,71326.3
2018-03-26,64.5,65.5,62.0,64.25,51773.2
2018-03-27,64.0,65.25,55.05,56.0,82839.1
2018-03-28,56.0,58.5,55.05,56.5,59067.1
2018-03-29,56.5,59.0,53.5,58.0,68252.5
2018-04-02,57.5,57.75,54.5,57.0,74019.7
2018-04-03,57.0,59.5,55.0,55.5,47194.8
2018-04-04,55.5,58.5,54.5,57.5,38252.1
2018-04-05,58.0,59.22,56.25,58.0,43419.0
2018-04-06,57.5,60.0,53.75,54.5,56365.4
2018-04-09,58.45,61.5,57.0,58.0,106051.5
2018-04-10,59.0,64.25,57.5,62.95,73944.4
2018-04-11,62.5,64.0,58.5,59.5,65847.0
2018-04-12,60.0,65.0,59.5,64.5,55111.2
2018-04-13,64.0,67.0,62.75,64.5,53535.5
2018-04-16,65.0,65.0,63.5,63.5,25345.8
2018-04-17,63.5,68.0,63.5,67.0,46208.6
2018-04-18,66.5,68.5,64.0,65.25,49769.8
2018-04-19,62.5,67.0,62.5,64.5,37019.8
2018-04-20,65.0,65.0,62.0,63.0,29663.7
2018-04-23,63.0,63.05,57.5,60.0,78289.2
2018-04-24,59.5,61.5,57.0,58.5,45079.7
2018-04-25,58.0,61.0,57.0,59.0,44445.2
2018-04-26,59.5,62.5,59.5,61.0,20603.8
2018-04-27,61.5,65.5,60.5,65.0,48882.4
2018-04-30,65.0,65.5,60.5,62.5,45202.1
2018-05-01,62.5,63.25,60.25,61.5,20182.0
2018-05-02,61.0,64.5,60.5,63.5,34878.6
2018-05-03,63.0,66.0,57.5,57.55,51108.8
2018-05-04,58.0,60.0,49.25,53.5,345008.3
2018-05-07,53.5,59.5,53.0,56.5,130173.2
2018-05-08,56.5,58.0,55.0,56.0,72510.7
2018-05-09,55.0,59.0,54.5,55.05,41058.6
2018-05-10,58.0,60.5,56.5,57.5,66151.7
2018-05-11,57.5,59.25,56.0,58.5,69916.4
2018-05-14,59.0,61.4,58.0,60.0,52460.0
2018-05-15,59.5,61.5,59.2,60.0,22601.0
2018-05-16,60.0,62.5,59.5,61.5,59553.6
2018-05-17,62.0,62.0,57.0,59.5,66839.5
2018-05-18,61.5,63.5,59.75,62.95,89655.2
2018-05-21,61.0,62.0,58.5,59.0,68024.5
2018-05-22,57.5,61.25,57.5,59.5,69548.9
2018-05-23,59.5,62.0,59.5,61.5,25798.8
2018-05-24,61.0,62.0,60.5,61.95,17468.3
2018-05-25,62.5,62.5,60.75,61.5,22048.1
2018-05-29,62.0,62.0,59.0,60.5,51865.3
2018-05-30,60.5,64.0,60.5,64.0,51905.9
2018-05-31,63.5,64.5,61.0,62.5,52329.5
2018-06-01,62.5,64.4,61.25,63.5,31475.1
2018-06-04,63.0,64.0,61.0,63.5,31707.0
2018-06-05,63.0,65.0,62.0,64.5,37066.8
2018-06-06,64.5,69.9,64.25,69.9,65848.8
2018-06-07,69.0,69.5,64.0,65.0,58473.7
2018-06-08,64.0,65.5,61.5,62.5,49577.7
2018-06-11,63.0,64.0,61.0,62.45,114332.4
2018-06-12,62.0,63.5,57.5,58.0,48183.7
2018-06-13,57.95,60.0,56.5,56.5,53220.7
2018-06-14,57.0,59.25,54.0,55.5,50867.1
2018-06-15,56.0,57.5,54.0,55.5,61544.2
2018-06-18,57.0,57.5,54.0,55.5,47152.7
2018-06-19,55.5,59.0,55.0,59.0,53462.4
2018-06-20,58.5,61.5,58.0,60.0,53441.0
2018-06-21,59.5,60.95,56.5,57.5,49859.4
2018-06-22,58.0,61.0,56.0,60.5,540841.9
2018-06-25,60.0,62.5,58.0,60.0,104672.2
2018-06-26,60.5,61.5,58.5,61.0,57356.4
2018-06-27,61.0,61.0,53.25,53.5,94026.4
2018-06-28,53.5,54.5,52.0,53.5,57568.2
2018-06-29,53.0,55.25,52.1,53.0,48759.3
2018-07-02,53.0,55.25,53.0,54.0,16786.0
2018-07-03,54.5,57.0,54.0,55.5,22246.4
2018-07-05,57.5,58.0,55.0,55.5,25989.9
2018-07-06,55.5,59.5,55.5,59.5,47881.5
2018-07-09,60.05,63.5,59.5,60.0,74903.9
2018-07-10,61.0,61.0,56.5,56.5,69372.8
2018-07-11,56.5,58.5,55.5,56.5,46200.5
2018-07-12,56.5,58.0,51.0,54.0,174895.1
2018-07-13,54.0,54.0,51.0,51.5,37649.9
2018-07-16,52.0,53.0,48.0,52.0,73454.6
2018-07-17,52.5,54.0,51.6,52.75,29426.3
2018-07-18,53.5,53.5,49.0,50.5,74853.5
2018-07-19,49.0,52.5,49.0,51.5,49434.3
2018-07-20,51.5,52.5,49.0,50.5,40503.5
2018-07-23,50.0,52.0,49.1,51.0,29557.6
2018-07-24,51.0,52.0,49.0,50.0,60187.8
2018-07-25,49.5,53.75,49.0,51.5,56289.2
2018-07-26,52.5,53.5,50.25,53.0,51056.9
2018-07-27,53.0,53.0,46.5,47.25,70625.9
2018-07-30,48.0,48.0,44.75,47.0,41582.8
2018-07-31,47.0,48.5,46.0,47.0,46070.5
2018-08-01,47.0,48.0,45.5,46.0,26350.7
2018-08-02,46.0,47.5,45.0,46.0,41206.9
2018-08-03,46.5,47.25,44.0,45.5,45725.1
2018-08-06,45.0,46.0,43.5,45.0,23458.4
2018-08-07,45.0,47.0,43.5,46.0,44122.0
2018-08-08,46.5,48.5,46.0,47.5,25917.5
2018-08-09,47.5,54.5,47.5,51.0,77937.9
2018-08-10,50.0,53.5,49.0,52.5,51022.7
2018-08-13,53.0,53.5,51.0,53.0,41994.8
2018-08-14,53.0,53.5,51.5,52.5,24470.2
2018-08-15,52.5,52.5,50.0,51.0,28237.4
2018-08-16,51.0,51.0,48.5,50.5,21062.6
2018-08-17,50.5,53.5,50.0,52.0,44426.0
2018-08-20,52.0,54.0,51.0,52.75,29218.2
2018-08-21,52.5,55.5,52.0,55.0,26843.2
2018-08-22,55.0,60.0,55.0,58.5,47425.7
2018-08-23,59.5,59.5,56.5,58.0,54456.3
2018-08-24,58.0,60.0,57.5,59.5,45190.6
2018-08-27,59.5,60.5,54.25,56.5,40267.0
2018-08-28,56.5,58.5,56.5,58.5,27233.1
2018-08-29,59.0,62.0,58.0,61.5,30317.4
2018-08-30,62.25,74.05,62.25,74.0,145813.5
2018-08-31,74.0,77.25,71.5,76.0,120327.2
2018-09-04,77.0,77.0,68.7,70.5,76571.3
2018-09-05,70.0,73.25,67.75,72.0,61637.0
2018-09-06,72.5,72.5,64.5,64.5,63404.4
2018-09-07,65.5,67.5,64.5,67.0,28160.2
2018-09-10,67.0,67.25,64.5,67.0,33807.0
2018-09-11,66.0,67.5,64.0,64.0,38217.3
2018-09-12,64.0,65.25,59.5,62.5,48563.9
2018-09-13,62.5,62.75,60.5,61.5,27547.4
2018-09-14,60.0,62.75,59.0,61.5,35655.7
2018-09-17,61.5,61.5,57.5,59.0,36956.7
2018-09-18,61.5,61.5,57.75,58.5,37541.2
2018-09-19,57.5,65.0,57.25,63.5,42420.3
2018-09-20,64.5,65.0,56.24,62.0,93201.6
2018-09-21,62.0,62.0,57.65,59.0,111726.2
2018-09-24,59.0,61.0,56.5,60.0,70682.7
2018-09-25,60.0,63.0,58.5,63.0,29636.6
2018-09-26,60.0,60.5,58.5,59.5,20362.6
2018-09-27,60.0,61.75,59.25,61.0,53481.1
2018-09-28,63.0,63.0,59.5,60.5,35911.6
2018-10-01,60.5,62.0,58.1,59.1,42422.8
2018-10-02,58.9,59.0,55.95,57.1,36102.1
2018-10-03,57.3,59.81,56.5,59.2,19353.0
2018-10-04,59.1,59.1,55.3,55.8,42213.7
2018-10-05,56.0,58.3,54.8,55.1,38746.1
2018-10-08,55.5,56.3,52.5,55.1,40394.4
2018-10-09,54.7,57.8,52.57,57.4,34571.1
2018-10-10,57.1,57.2,50.5,51.1,66060.4
2018-10-11,51.2,53.1,49.15,51.05,60581.9
2018-10-12,52.3,52.6,50.65,51.5,53303.9
2018-10-15,51.2,51.5,47.8,50.5,52725.9
2018-10-16,51.0,53.7,49.4,52.2,44004.7
2018-10-17,51.9,55.9,48.75,50.2,67653.7
2018-10-18,50.0,51.8,46.2,47.0,71606.2
2018-10-19,46.6,47.2,44.0,46.1,62807.0
2018-10-22,45.2,46.0,43.4,44.2,59114.5
2018-10-23,43.3,46.1,40.8,44.6,94602.3
2018-10-24,44.5,46.6,40.5,40.7,43594.3
2018-10-25,41.4,43.7,41.0,42.3,51922.1
2018-10-26,41.4,43.4,40.0,42.7,33253.6
2018-10-29,43.5,43.5,39.45,40.7,66013.7
2018-10-30,40.6,43.1,39.5,40.0,36971.4
2018-10-31,40.7,42.5,40.3,42.0,38578.8
2018-11-01,42.2,46.6,27.5,30.0,65995.6
2018-11-02,30.1,33.6,26.2,33.4,820917.0
2018-11-05,30.7,33.9,30.6,33.9,175973.8
2018-11-06,33.1,35.9,32.6,35.5,60370.8
2018-11-07,36.0,38.9,35.3,36.9,181110.9
2018-11-08,36.0,39.6,35.65,37.4,34286.3
2018-11-09,36.5,38.7,35.7,37.6,24022.4
2018-11-12,37.9,38.5,35.6,37.1,64755.8
2018-11-13,37.1,37.53,34.62,36.3,201952.4
2018-11-14,37.1,38.2,35.4,35.6,29361.3
2018-11-15,35.4,37.4,34.8,37.3,92420.3
2018-11-16,37.0,39.5,36.9,38.2,73025.7
2018-11-19,37.8,38.5,37.0,37.0,33304.5
2018-11-20,36.3,37.3,34.8,36.2,104144.6
2018-11-21,35.7,38.2,35.7,37.6,16373.6
2018-11-23,37.5,39.7,37.14,38.4,17900.8
2018-11-26,39.0,39.5,36.42,39.5,30050.4
2018-11-27,36.7,36.7,35.1,35.4,24137.3
2018-11-28,35.6,36.9,34.9,36.9,37582.0
2018-11-29,36.5,37.5,35.7,36.3,18960.3
2018-11-30,35.9,37.5,35.6,35.9,27831.4
2018-12-03,37.0,37.9,36.51,37.6,19551.2
2018-12-04,37.6,38.6,36.2,36.5,30763.4
2018-12-06,35.7,36.7,35.6,36.1,29537.7
2018-12-07,36.2,36.9,35.9,36.4,19048.3
2018-12-10,36.2,37.1,35.7,36.8,18206.3
2018-12-11,37.8,38.1,35.95,36.9,7807.7
2018-12-12,37.5,40.0,37.3,38.0,32681.9
2018-12-13,38.1,38.4,35.9,36.6,23833.0
2018-12-14,36.5,37.55,35.5,35.9,35087.3
2018-12-17,35.9,37.0,34.25,34.5,76423.1
2018-12-18,34.9,35.6,34.0,34.3,90594.9
2018-12-19,34.0,36.2,33.7,34.3,34334.5
2018-12-20,34.1,35.0,31.24,32.1,52473.8
2018-12-21,32.1,32.5,28.4,28.7,135764.4
2018-12-24,28.1,31.2,28.1,30.8,16654.3
2018-12-26,31.0,31.6,29.5,31.4,20855.8
2018-12-27,31.0,31.95,30.2,31.8,17746.0
2018-12-28,31.7,32.7,31.4,32.0,21545.9
2018-12-31,32.0,32.7,30.9,31.5,30035.3
2019-01-02,30.7,34.3,30.7,34.1,24369.3
2019-01-03,34.0,35.1,33.5,33.8,21583.6
2019-01-04,34.4,36.1,34.2,35.6,14571.0
2019-01-07,35.7,36.7,34.9,35.4,28088.4
2019-01-08,35.8,35.8,33.2,35.1,18057.4
2019-01-09,36.3,36.3,34.9,35.1,9716.2
2019-01-10,34.8,35.3,34.1,35.2,8967.8
2019-01-11,34.9,36.0,34.6,35.9,9599.4
2019-01-14,35.5,35.6,31.78,32.0,17171.0
2019-01-15,32.1,33.5,32.1,33.4,15900.5
2019-01-16,33.5,34.7,31.8,31.9,20220.8
2019-01-17,31.9,32.15,31.1,31.5,12650.4
2019-01-18,31.5,33.2,30.8,32.4,20611.9
2019-01-22,31.7,32.8,31.1,31.4,16802.0
2019-01-23,31.2,32.6,30.3,30.5,9151.5
2019-01-24,30.7,31.6,30.5,31.0,5308.5
2019-01-25,31.1,32.4,30.9,32.1,8615.7
2019-01-28,31.9,31.9,30.8,31.1,11621.7
2019-01-29,30.8,31.2,30.2,30.3,8016.7
2019-01-30,30.1,30.7,29.0,30.3,28401.8
2019-01-31,30.4,32.4,29.9,31.4,22013.3
2019-02-01,31.6,33.8,31.6,32.6,15712.6
2019-02-04,33.0,35.55,32.61,35.2,19740.2
2019-02-05,35.1,35.8,32.7,33.4,12809.6
2019-02-06,33.3,34.0,32.8,33.8,8133.7
2019-02-07,33.8,35.0,32.7,33.7,17670.1
2019-02-08,33.4,34.0,33.0,33.3,7881.6
2019-02-11,33.1,35.4,33.1,35.2,12827.5
2019-02-12,35.6,36.0,34.3,35.5,14917.9
2019-02-13,35.6,36.9,34.8,36.4,26568.8
2019-02-14,36.4,36.6,34.4,35.0,18447.1
2019-02-15,35.3,39.0,34.7,38.1,33533.1
2019-02-19,38.2,38.8,35.5,36.9,33565.7
2019-02-20,36.8,37.3,35.55,35.8,24336.6
2019-02-21,35.6,36.7,35.2,36.3,22894.2
2019-02-22,36.2,37.4,36.1,37.0,44273.2
2019-02-25,40.0,44.9,38.0,43.0,229707.09999999998
2019-02-26,42.5,42.5,40.1,41.3,39503.0
2019-02-27,41.4,44.4,40.4,43.7,40411.5
2019-02-28,43.6,43.6,40.4,40.5,41362.2
2019-03-01,40.9,44.9,40.5,42.7,36903.8
2019-03-04,44.5,50.86,44.5,50.0,102170.2
2019-03-05,50.0,51.0,44.6,48.9,80800.2
2019-03-06,46.4,46.4,44.4,44.9,25578.7
2019-03-07,44.5,48.5,42.5,47.8,33678.2
2019-03-08,47.4,47.4,43.0,44.0,22774.6
2019-03-11,44.0,47.3,43.2,46.9,27034.6
2019-03-12,46.9,49.6,46.5,48.4,24076.8
2019-03-13,48.7,50.9,47.3,50.4,54193.9
2019-03-14,50.4,54.5,50.1,53.3,54246.2
2019-03-15,53.5,54.2,52.0,53.8,76791.6
2019-03-18,53.9,57.6,53.8,56.5,82213.1
2019-03-19,57.5,59.1,54.06,57.0,53980.3
2019-03-20,56.8,58.95,55.43,58.4,71861.0
2019-03-21,58.4,62.2,57.6,60.0,54673.5
2019-03-22,59.5,59.9,52.6,55.1,131001.9
2019-03-25,54.7,55.4,53.5,54.1,26869.1
2019-03-26,54.8,55.3,53.9,54.7,19071.0
2019-03-27,54.7,54.7,49.7,51.6,23782.4
2019-03-28,52.1,52.3,49.7,50.6,22717.6
2019-03-29,51.0,54.4,50.4,52.4,29792.1
2019-04-01,52.8,54.5,51.6,54.1,34853.6
2019-04-02,54.2,56.3,53.1,55.5,26665.0
2019-04-03,55.9,58.5,54.85,58.0,52375.2
2019-04-04,58.1,59.6,57.3,58.3,69791.4
2019-04-05,58.5,59.5,56.7,57.6,22004.1
2019-04-08,57.5,57.7,54.2,54.9,15113.7
2019-04-09,54.8,55.8,52.45,52.5,12553.5
2019-04-10,52.5,55.0,52.2,54.2,14413.5
2019-04-11,54.1,54.5,50.8,52.4,12588.5
2019-04-12,52.5,53.4,50.5,51.0,13696.5
2019-04-15,44.4,58.6,42.0,56.6,118869.6
2019-04-16,55.3,66.4,54.4,60.0,82451.1
2019-04-17,60.0,60.0,54.4,56.5,23658.6
2019-04-18,56.0,61.7,56.0,59.8,59280.7
2019-04-22,59.5,64.7,59.2,64.2,82109.4
2019-04-23,64.2,66.85,61.6,66.1,49447.5
2019-04-24,66.1,68.2,63.1,66.2,34625.0
2019-04-25,65.7,67.5,64.7,66.5,38406.8
2019-04-26,66.5,68.2,65.79,67.3,28737.7
2019-04-29,67.5,69.0,65.8,67.4,24115.4
2019-04-30,67.1,67.9,62.8,64.5,41240.2
2019-05-01,64.3,67.2,64.0,64.8,21983.9
2019-05-02,64.9,66.38,63.4,64.7,19328.3
2019-05-03,64.7,66.5,64.25,66.3,13876.8
2019-05-06,64.4,67.9,64.4,67.1,23213.4
2019-05-07,67.9,71.9,66.6,67.9,63590.1
2019-05-08,67.8,67.9,63.9,64.2,41402.7
2019-05-09,65.6,67.0,60.8,65.4,31890.1
2019-05-10,65.3,67.0,64.1,66.1,17894.3
2019-05-13,64.9,65.9,62.3,63.3,23878.9
2019-05-14,64.0,64.8,62.6,63.7,12547.0
2019-05-15,62.8,64.8,62.4,64.5,24007.8
2019-05-16,66.2,82.0,64.8,82.0,205228.1
2019-05-17,81.6,92.7,79.1,90.5,254914.3
2019-05-20,93.0,94.5,87.1,89.0,136040.1
2019-05-21,90.0,94.5,88.3,92.9,124880.9
2019-05-22,93.0,94.0,91.5,94.0,57085.8
2019-05-23,92.0,93.0,88.9,91.7,79141.3
2019-05-24,91.5,93.0,90.4,92.2,52843.1
2019-05-28,92.4,97.4,91.6,95.5,162021.9
2019-05-29,95.0,97.6,93.3,95.2,132057.8
2019-05-30,96.0,104.9,95.8,102.1,95933.5
2019-05-31,100.2,101.3,97.9,100.5,79458.0
2019-06-03,100.5,104.6,98.8,104.1,78238.4
2019-06-04,107.0,111.4,104.9,110.3,91377.5
2019-06-05,110.3,111.9,102.8,106.7,117641.6
2019-06-06,107.3,109.5,101.5,107.4,77547.1
2019-06-07,107.6,114.6,105.5,110.9,53937.8
2019-06-10,113.4,113.97,110.7,112.6,104340.7
2019-06-11,112.7,119.9,108.8,119.9,77609.9
2019-06-12,110.5,113.6,108.2,110.9,22221.5
2019-06-13,111.1,118.9,109.8,118.9,26030.9
2019-06-14,114.2,116.3,106.8,108.2,64251.0
2019-06-17,109.1,118.3,109.1,118.2,61167.6
2019-06-18,116.5,121.0,116.4,117.0,54602.5
2019-06-19,117.6,119.4,112.5,115.0,36543.0
2019-06-20,115.8,119.5,113.6,114.5,44923.9
2019-06-21,113.5,114.0,108.1,109.0,138009.8
2019-06-24,114.0,115.95,107.9,109.6,69434.9
2019-06-25,109.8,112.3,108.4,109.9,46457.8
2019-06-26,110.0,110.7,107.1,108.9,33695.2
2019-06-27,108.2,111.6,108.0,110.0,79214.8
2019-06-28,110.6,119.8,109.2,118.9,187579.0
2019-07-01,120.9,125.0,113.6,115.7,81426.6
2019-07-02,116.1,117.3,108.9,114.0,47201.2
2019-07-03,114.7,116.85,113.0,116.2,41292.6
2019-07-05,115.8,124.3,115.3,121.6,82412.3
2019-07-08,122.0,152.5,119.55,150.0,367911.5
2019-07-09,149.0,156.8,145.0,148.9,229524.5
2019-07-10,150.0,162.0,149.6,157.0,185223.8
2019-07-11,150.18,159.25,150.1,153.5,92401.4
2019-07-12,147.0,153.5,147.0,149.7,83748.2
2019-07-15,151.0,157.8,148.4,152.4,87137.6
2019-07-16,155.5,163.83,154.5,159.5,117964.6
2019-07-17,165.0,165.0,151.0,152.7,89952.8
2019-07-18,152.3,152.3,125.1,137.7,301718.8
2019-07-19,140.0,143.03,136.4,139.0,97219.9
2019-07-22,141.1,143.6,135.0,135.0,95898.6
2019-07-23,141.7,145.85,138.0,144.4,77800.0
2019-07-24,144.5,147.2,138.8,147.2,85711.0
2019-07-25,147.3,147.3,134.0,134.7,84043.5
2019-07-26,134.5,140.2,133.9,137.8,63008.3
2019-07-29,138.4,140.2,137.0,139.5,47112.8
2019-07-30,137.9,140.8,135.8,136.9,49581.9
2019-07-31,136.6,140.6,132.2,134.1,63155.6
2019-08-01,120.5,139.5,120.5,127.7,100241.7
2019-08-02,126.9,128.6,110.75,111.6,148050.2
2019-08-05,110.1,114.4,108.9,112.2,101114.8
2019-08-06,112.3,120.7,111.8,120.0,63526.2
2019-08-07,117.0,122.9,116.2,117.1,51487.4
2019-08-08,119.2,124.4,115.1,122.5,95986.9
2019-08-09,122.5,125.0,108.6,115.6,164481.6
2019-08-12,115.7,124.2,114.05,114.9,218160.3
2019-08-13,114.2,118.12,105.54,116.0,142073.5
2019-08-14,115.4,123.4,113.2,122.5,111792.0
2019-08-15,122.5,127.1,120.67,126.0,67398.9
2019-08-16,128.6,134.2,124.24,134.0,134956.5
2019-08-19,140.53,140.53,128.9,129.2,97669.0
2019-08-20,128.4,128.9,115.1,116.1,94641.1
2019-08-21,116.0,119.7,113.7,118.5,55524.0
2019-08-22,118.0,118.5,107.85,108.1,72436.9
2019-08-23,108.7,112.53,104.4,105.6,91157.7
2019-08-26,105.6,107.8,103.7,107.3,46911.6
2019-08-27,107.9,108.35,102.8,104.0,79640.5
2019-08-28,103.6,110.06,101.6,106.0,47836.7
2019-08-29,108.3,110.2,106.6,109.0,38790.2
2019-08-30,109.3,109.3,102.0,103.3,67445.2
2019-09-03,102.4,105.6,102.1,103.9,74909.5
2019-09-04,105.2,114.9,100.5,113.5,145596.8
2019-09-05,114.7,121.5,111.9,120.4,170052.6
2019-09-06,120.8,129.7,120.0,121.2,197475.0
2019-09-09,121.3,125.3,115.45,124.5,135993.5
2019-09-10,124.1,124.33,115.6,116.5,159211.3
2019-09-11,119.7,121.5,113.6,120.0,157872.2
2019-09-12,126.4,170.0,57.5,62.6,2408837.3
2019-09-13,63.1,64.6,50.1,57.8,1128549.6
2019-09-16,57.8,63.4,53.6,62.0,298669.0
2019-09-17,61.3,63.1,58.9,62.3,168111.1
2019-09-18,62.1,62.3,59.5,61.8,170182.4
2019-09-19,61.7,65.2,60.6,61.8,156986.9
2019-09-20,61.9,66.7,59.4,66.0,561214.1
2019-09-23,69.0,69.0,57.3,57.9,166775.1
2019-09-24,60.3,60.5,53.75,55.8,179936.9
2019-09-25,55.5,56.5,53.3,54.85,75745.5
2019-09-26,54.7,55.4,51.6,52.4,124738.1
2019-09-27,52.5,59.8,51.9,54.3,182567.2
2019-09-30,55.6,56.0,52.9,54.1,113363.5
2019-10-01,55.0,56.0,51.45,52.5,113131.8
2019-10-02,52.0,56.6,50.3,56.25,115896.0
2019-10-03,56.3,56.5,53.3,55.4,107161.4
2019-10-04,55.7,59.3,55.5,55.7,67480.3
2019-10-07,55.8,57.6,55.0,56.1,64628.1
2019-10-08,55.5,57.3,54.6,55.9,74234.2
2019-10-09,55.8,56.5,51.0,51.4,95989.9
2019-10-10,52.7,52.7,49.6,51.7,119337.9
2019-10-11,52.3,54.1,51.7,52.9,126841.2
2019-10-14,53.5,63.5,53.0,61.5,369712.5
2019-10-15,62.4,67.1,61.1,63.75,193446.6
2019-10-16,63.4,70.8,62.3,69.6,176043.2
2019-10-17,68.8,71.6,67.0,70.5,131940.1
2019-10-18,70.5,71.0,65.2,69.2,110099.2
2019-10-21,69.3,71.4,68.1,71.1,67836.6
2019-10-22,71.0,73.3,69.8,72.1,71904.5
2019-10-23,72.0,73.0,69.6,69.6,70305.1
2019-10-24,71.2,71.5,68.5,68.9,73992.8
2019-10-25,69.0,75.6,68.9,75.1,216571.1
2019-10-28,74.9,74.9,65.8,73.6,135263.4
2019-10-29,73.5,74.5,69.4,69.4,56899.8
2019-10-30,70.6,71.05,68.6,68.8,57451.2
2019-10-31,68.6,73.0,68.3,72.7,81991.8
2019-11-01,73.0,80.6,71.8,79.1,144036.0
2019-11-04,79.9,80.9,74.8,77.5,94013.8
2019-11-05,79.2,79.9,75.1,79.7,46245.2
2019-11-06,79.4,81.4,78.1,80.0,56310.9
2019-11-07,79.9,82.5,79.35,82.5,53891.2
2019-11-08,80.5,92.0,71.5,84.6,116237.6
2019-11-11,87.2,92.9,87.0,91.5,116450.3
2019-11-12,91.5,93.7,85.55,87.5,163558.5
2019-11-13,87.1,90.5,85.4,90.2,72023.8
2019-11-14,90.1,92.4,88.7,90.1,60842.6
2019-11-15,90.1,94.0,88.8,94.0,76586.0
2019-11-18,93.8,93.9,89.1,91.3,61421.4
2019-11-19,92.1,98.2,90.2,96.1,109659.0
2019-11-20,95.4,99.2,94.3,97.7,101577.6
2019-11-21,98.3,99.62,95.6,97.7,77369.5
2019-11-22,97.8,99.1,95.4,98.6,51926.5
2019-11-25,99.2,104.6,98.25,103.0,185161.5
2019-11-26,104.8,108.5,101.4,107.7,101463.8
2019-11-27,108.0,110.3,106.1,109.05,72042.7
2019-11-29,108.9,111.1,108.15,109.1,29387.3
2019-12-02,109.1,110.3,102.8,109.0,91212.8
2019-12-03,106.4,108.7,104.4,107.0,78410.5
2019-12-04,107.1,114.0,104.5,114.0,104316.7
2019-12-05,113.1,114.7,104.6,105.45,170212.6
2019-12-06,106.4,116.0,105.5,113.8,89522.2
2019-12-09,114.5,116.8,111.2,111.8,58747.4
2019-12-10,111.8,116.4,110.1,115.7,74671.5
2019-12-11,116.6,116.7,106.0,107.0,206042.5
2019-12-12,106.55,108.6,100.2,104.9,90370.7
2019-12-13,103.9,107.1,103.5,105.4,50488.5
2019-12-16,105.4,114.3,105.4,110.6,123343.2
2019-12-17,111.7,112.9,108.9,110.2,53378.5
2019-12-18,110.2,114.0,106.5,109.4,84347.1
2019-12-19,110.0,110.5,108.4,109.5,69199.0
2019-12-20,111.1,111.1,104.4,106.5,406927.9
2019-12-23,106.5,110.9,102.95,110.6,76727.3
2019-12-24,111.3,119.5,109.7,119.5,54143.4
2019-12-26,119.3,124.6,119.0,122.2,68728.4
2019-12-27,122.5,122.5,111.6,114.5,96367.8
2019-12-30,112.8,113.7,109.8,112.2,43433.9
2019-12-31,111.0,116.7,108.8,115.2,71793.5
2020-01-02,116.0,117.7,112.0,117.4,65151.9
2020-01-03,115.5,119.2,114.0,116.1,51138.6
2020-01-06,114.3,114.3,107.76,110.8,65578.8
2020-01-07,110.9,114.0,108.1,113.1,68699.0
2020-01-08,112.5,114.46,109.9,110.6,59687.2
2020-01-09,111.1,115.8,109.6,110.3,70405.4
2020-01-10,115.5,115.5,109.6,109.85,94576.5
2020-01-13,114.5,117.5,103.8,106.8,182375.3
2020-01-14,105.9,114.74,105.4,114.1,181804.7
2020-01-15,114.4,121.1,111.0,113.3,120799.1
2020-01-16,115.2,120.0,114.2,120.0,88582.2
2020-01-17,118.5,121.8,114.6,117.2,106903.6
2020-01-21,117.1,120.9,114.8,115.6,91876.5
2020-01-22,116.0,121.3,115.4,118.2,56842.4
2020-01-23,116.8,117.5,114.7,116.4,52645.6
2020-01-24,116.6,118.0,112.6,114.5,57105.5
2020-01-27,111.1,114.6,110.2,111.9,46837.8
2020-01-28,113.7,113.9,105.5,110.9,61394.2
2020-01-29,108.0,110.0,106.5,108.1,41813.7
2020-01-30,107.5,108.6,102.3,103.9,68662.7
2020-01-31,103.3,104.1,97.75,98.7,65740.9
2020-02-03,99.1,102.3,98.15,102.1,53965.9
2020-02-04,101.8,110.4,101.8,104.4,89860.4
2020-02-05,108.2,111.8,105.7,109.7,53830.0
2020-02-06,108.0,113.9,107.6,109.45,82802.4
2020-02-07,111.6,111.9,99.7,104.0,61192.0
2020-02-10,120.0,142.9,108.8,117.0,856319.5
2020-02-11,116.1,148.6,111.5,148.6,598864.4
2020-02-12,143.6,155.4,142.5,149.2,429882.4
2020-02-13,148.6,155.6,143.0,151.2,126791.6
2020-02-14,152.5,158.5,151.4,158.0,114110.2
2020-02-18,159.8,167.9,156.2,167.2,201686.7
2020-02-19,165.4,168.1,159.9,161.9,113685.7
2020-02-20,166.0,166.0,150.2,151.4,71942.0
2020-02-21,159.0,159.0,146.8,148.45,117790.9
2020-02-24,146.5,146.5,133.9,137.55,148609.7
2020-02-25,137.9,142.1,129.7,131.5,115495.7
2020-02-26,132.0,134.8,126.1,129.6,142954.6
2020-02-27,129.1,131.1,119.1,124.6,138158.3
2020-02-28,121.7,127.0,115.9,120.0,158124.0
2020-03-02,125.0,132.9,120.5,131.4,146497.4
2020-03-03,132.0,135.5,124.6,125.0,123131.5
2020-03-04,130.8,134.1,127.7,130.7,69162.3
2020-03-05,126.1,136.4,124.0,131.4,72896.9
2020-03-06,132.3,132.9,106.2,119.5,208012.4
2020-03-09,110.0,116.2,97.8,100.0,170894.5
2020-03-10,105.0,105.8,95.1,102.1,156550.4
2020-03-11,101.0,103.0,87.9,92.6,135377.0
2020-03-12,83.6,87.1,73.6,79.8,159996.1
2020-03-13,79.5,110.5,78.2,103.3,253162.1
2020-03-16,89.3,98.0,85.5,89.7,169606.4
2020-03-17,88.0,100.3,81.35,87.7,208658.9
2020-03-18,80.8,88.7,74.3,82.6,122247.7
2020-03-19,82.2,95.9,81.8,93.6,177726.3
2020-03-20,95.2,109.5,95.2,105.0,303615.7
2020-03-23,105.5,112.6,93.8,104.4,119240.9
2020-03-24,110.2,112.8,96.9,112.4,89101.7
2020-03-25,111.5,118.05,104.3,110.7,92449.5
2020-03-26,110.5,122.1,108.6,120.9,95264.8
2020-03-27,116.6,120.8,113.1,114.3,51310.2
2020-03-30,116.0,119.1,106.8,109.0,50208.7
2020-03-31,110.1,112.35,95.06,97.8,127286.8
2020-04-01,93.0,102.1,86.7,90.0,113487.3
2020-04-02,90.1,90.1,82.7,85.3,96590.5
2020-04-03,85.1,90.6,83.1,89.5,91451.5
2020-04-06,94.9,100.3,93.8,99.7,58503.7
2020-04-07,99.7,105.9,92.2,98.6,79848.8
2020-04-08,100.0,108.3,93.8,107.3,89993.6
2020-04-09,107.8,113.8,101.3,111.6,145805.2
2020-04-13,111.4,113.35,107.2,110.2,72944.0
2020-04-14,113.9,118.5,111.6,117.6,101817.9
2020-04-15,115.3,115.3,108.2,111.6,71153.6
2020-04-16,112.1,116.3,109.3,116.2,56795.0
2020-04-17,120.0,129.5,118.0,128.5,147090.4
2020-04-20,129.1,144.2,122.6,140.6,148671.1
2020-04-21,136.5,140.2,123.1,124.3,116185.0
2020-04-22,127.6,131.0,121.5,125.6,81195.0
2020-04-23,125.5,129.2,122.8,125.0,71119.2
2020-04-24,125.0,129.7,122.65,129.6,74034.2
2020-04-27,133.0,135.0,121.32,125.1,107853.4
2020-04-28,131.0,134.9,120.8,121.6,66442.5
2020-04-29,125.4,132.5,121.5,130.6,92498.3
2020-04-30,128.3,128.58,116.0,117.5,56383.7
2020-05-01,109.0,120.3,109.0,120.0,74877.9
2020-05-04,120.2,142.5,117.2,137.3,129782.4
2020-05-05,151.0,195.1,151.0,193.0,586962.1
2020-05-06,182.4,237.9,182.4,210.9,654624.3
2020-05-07,200.0,214.9,193.6,196.9,133757.8
2020-05-08,214.1,214.1,193.7,195.9,86779.1
2020-05-11,193.8,202.1,191.3,198.0,90002.8
2020-05-12,199.8,200.7,182.0,182.0,99869.3
2020-05-13,188.2,198.51,170.5,177.5,114880.7
2020-05-14,176.8,176.8,166.1,171.9,94829.3
2020-05-15,170.0,183.3,167.3,181.0,81794.0
2020-05-18,181.1,193.5,175.9,179.0,100076.1
2020-05-19,178.8,198.0,178.8,191.4,74296.2
2020-05-20,193.2,202.4,187.2,200.4,97688.6
2020-05-21,202.4,208.3,190.4,203.8,77167.6
2020-05-22,202.1,206.2,193.5,205.6,46649.5
2020-05-26,208.5,221.9,203.0,208.3,84650.9
2020-05-27,204.4,211.4,188.2,210.5,65860.9
2020-05-28,210.0,219.3,198.5,198.5,74595.0
2020-05-29,198.8,208.3,165.5,200.0,168326.4
2020-06-01,205.0,214.9,196.1,212.65,71695.7
2020-06-02,211.9,213.0,193.5,211.2,68051.6
2020-06-03,213.7,215.8,208.3,208.6,43730.3
2020-06-04,206.8,213.7,201.3,202.7,42687.3
2020-06-05,202.7,228.3,201.6,228.3,99899.3
2020-06-08,228.8,232.8,224.0,231.0,74336.1
2020-06-09,225.3,236.0,225.3,234.3,60817.8
2020-06-10,236.1,243.8,230.6,238.7,84267.7
2020-06-11,236.5,236.5,210.84,220.0,113856.5
2020-06-12,216.5,227.5,205.0,213.1,88741.9
2020-06-15,211.0,248.6,205.0,248.6,62906.2
2020-06-16,250.0,252.5,232.0,243.3,109827.2
2020-06-17,244.3,250.5,239.1,243.6,82462.9
2020-06-18,243.6,251.4,237.3,243.1,75667.1
2020-06-19,247.0,248.1,239.1,242.0,188228.1
2020-06-22,247.5,260.8,239.0,256.3,137608.4
2020-06-23,260.9,269.8,255.9,257.0,113571.3
2020-06-24,253.1,256.7,236.0,239.1,52124.0
2020-06-25,240.0,246.9,225.0,230.0,104592.8
2020-06-26,233.2,242.5,186.6,192.5,506126.5
2020-06-29,195.5,211.4,193.73,206.9,180603.2
2020-06-30,206.9,209.7,188.2,208.8,149987.9
2020-07-01,208.0,217.1,206.1,210.8,73625.1
2020-07-02,214.4,214.7,204.7,208.2,37624.7
2020-07-06,212.2,212.8,204.1,204.6,69191.8
2020-07-07,204.5,213.6,202.0,204.8,48608.2
2020-07-08,211.6,219.2,206.8,216.0,70072.4
2020-07-09,216.2,217.7,206.7,211.3,33601.2
2020-07-10,210.8,211.9,197.4,198.8,60686.3
2020-07-13,200.0,208.5,182.0,182.8,134368.3
2020-07-14,180.6,185.7,176.1,184.2,126824.8
2020-07-15,188.7,192.4,179.3,180.8,78211.3
2020-07-16,179.1,179.9,173.0,175.3,132686.2
2020-07-17,177.5,186.4,174.3,182.9,76275.9
2020-07-20,181.0,184.76,172.3,173.8,75252.8
2020-07-21,173.9,177.5,165.9,167.2,84672.7
2020-07-22,168.7,177.0,168.7,171.2,60855.6
2020-07-23,171.9,178.8,170.8,172.7,69363.3
2020-07-24,172.0,174.9,166.0,172.1,57210.5
2020-07-27,173.7,176.7,167.5,176.4,107201.2
2020-07-28,176.4,176.4,165.9,166.5,42532.3
2020-07-29,166.7,171.0,165.3,168.5,54472.5
2020-07-30,165.8,178.3,165.3,176.6,53110.1
2020-07-31,177.4,177.4,165.5,167.7,93764.5
2020-08-03,168.0,180.65,167.1,178.8,102428.7
2020-08-04,179.0,180.3,173.8,176.4,45605.3
2020-08-05,179.1,183.7,176.1,182.0,38321.8
2020-08-06,182.0,185.9,176.7,177.9,25371.1
2020-08-07,177.7,192.5,177.7,184.6,48583.8
2020-08-10,184.8,197.0,180.1,195.0,46320.7
2020-08-11,193.1,193.6,150.0,150.6,183510.3
2020-08-12,155.5,159.71,133.6,149.1,194505.1
2020-08-13,145.0,145.2,117.5,126.7,1007407.8
2020-08-14,127.0,135.1,124.0,132.9,278749.0
2020-08-17,132.6,137.1,132.2,137.0,123282.2
2020-08-18,138.0,138.0,130.1,135.3,73784.9
2020-08-19,134.5,136.9,128.1,130.5,145073.0
2020-08-20,135.5,137.79,130.05,133.91,161898.4
2020-08-21,131.7,133.6,127.6,129.7,90828.4
2020-08-24,129.4,130.2,124.5,125.0,119090.9
2020-08-25,127.5,129.5,122.55,129.1,80975.7
2020-08-26,127.13,128.4,121.4,124.0,69781.9
2020-08-27,121.9,123.4,118.2,119.6,86343.9
2020-08-28,119.7,120.6,115.0,119.9,65062.9
2020-08-31,119.3,122.8,116.6,119.6,65091.6
2020-09-01,121.9,122.4,118.6,119.5,55122.8
2020-09-02,119.1,123.19,118.98,123.1,41545.0
2020-09-03,121.4,122.9,116.3,119.5,81276.0
2020-09-04,118.5,120.5,110.0,116.1,63221.4
2020-09-08,112.5,119.5,112.0,117.0,61065.3
2020-09-09,119.3,121.45,117.88,119.2,62640.8
2020-09-10,119.4,122.3,115.25,115.8,60891.6
2020-09-11,117.4,122.9,116.4,118.9,62194.4
2020-09-14,120.9,131.5,120.9,131.5,94307.1
2020-09-15,128.7,131.3,127.1,128.3,55156.5
2020-09-16,129.1,133.1,127.4,128.5,53663.0
2020-09-17,125.5,129.6,123.8,128.3,26856.5
2020-09-18,130.1,130.8,120.7,123.8,441057.1
2020-09-21,125.2,125.2,114.25,115.4,118013.4
2020-09-22,115.9,119.7,114.45,116.1,65131.6
2020-09-23,116.9,118.2,112.4,112.7,79580.6
2020-09-24,110.5,112.4,102.9,106.0,134569.8
2020-09-25,104.3,109.1,104.3,108.1,140712.6
2020-09-28,109.8,109.8,101.9,103.4,61814.6
2020-09-29,102.8,106.2,101.6,104.5,59988.5
2020-09-30,104.4,105.2,101.0,103.0,118370.4
2020-10-01,106.2,108.9,102.15,105.2,91250.0
2020-10-02,102.6,104.2,98.3,98.4,70410.0
2020-10-05,99.2,109.3,99.2,107.3,93457.8
2020-10-06,107.4,108.6,102.9,105.0,43314.9
2020-10-07,103.8,111.7,103.8,109.9,60824.4
2020-10-08,112.2,112.5,107.8,110.6,49429.2
2020-10-09,112.2,113.7,110.0,111.4,47482.4
2020-10-12,112.8,113.2,109.0,112.5,35056.6
2020-10-13,112.4,118.2,112.4,117.1,79992.1
2020-10-14,117.3,121.0,114.4,118.6,121457.1
2020-10-15,118.5,121.1,114.5,120.6,87308.6
2020-10-16,124.8,125.8,120.0,123.3,66283.2
2020-10-19,127.6,127.6,114.8,115.6,74526.8
2020-10-20,118.0,119.41,115.3,117.5,47831.2
2020-10-21,117.0,118.3,112.8,116.8,61588.1
2020-10-22,117.9,124.7,117.65,122.9,64443.8
2020-10-23,124.2,125.8,122.15,123.6,55646.6
2020-10-26,123.6,124.12,117.1,118.8,65264.2
2020-10-27,118.8,122.4,116.8,121.8,44226.9
2020-10-28,118.1,119.1,114.0,115.1,55913.9
2020-10-29,115.3,116.97,110.4,112.2,46363.0
2020-10-30,111.1,111.9,106.6,109.1,59413.1
2020-11-02,111.2,113.9,108.2,113.4,71126.9
2020-11-03,115.4,122.8,115.1,121.2,67170.7
2020-11-04,124.9,135.4,122.7,130.4,85198.5
2020-11-05,132.5,132.5,118.1,121.8,152392.0
2020-11-06,121.0,127.2,118.1,118.1,64194.3
2020-11-09,130.0,134.8,124.4,130.4,78931.4
2020-11-10,130.0,133.0,126.7,132.5,109646.8
2020-11-11,133.9,135.7,129.2,133.65,63526.9
2020-11-12,134.0,136.9,130.7,133.6,129878.7
2020-11-13,131.1,136.8,124.2,126.5,107189.9
2020-11-16,129.6,132.0,116.5,119.6,190526.0
2020-11-17,121.3,122.5,115.82,121.5,64964.2
2020-11-18,122.7,127.3,120.8,122.4,46087.6
2020-11-19,121.5,126.9,121.45,126.8,31716.2
2020-11-20,124.9,131.0,123.2,130.0,64909.6
2020-11-23,130.9,140.4,130.0,139.7,109580.3
2020-11-24,140.5,145.75,139.6,145.0,70235.2
2020-11-25,141.5,144.2,137.7,138.1,43012.8
2020-11-27,138.5,142.4,138.5,141.0,26727.3
2020-11-30,141.7,143.6,131.6,135.9,51640.2
2020-12-01,138.8,140.8,134.35,136.9,47617.0
2020-12-02,136.9,141.9,135.1,140.2,48673.6
2020-12-03,141.9,147.0,140.6,142.6,65924.8
2020-12-04,142.6,144.35,137.0,137.1,50580.2
2020-12-07,137.2,139.9,133.1,134.0,63179.0
2020-12-08,133.4,138.3,133.1,135.0,50930.4
2020-12-09,136.4,138.5,124.14,128.2,120747.6
2020-12-10,137.0,137.0,125.3,127.45,133696.9
2020-12-11,126.8,132.6,125.5,129.5,43715.4
2020-12-14,131.8,145.4,131.8,140.1,108578.3
2020-12-15,138.4,138.4,125.0,133.9,128189.6
2020-12-16,135.0,135.28,123.15,123.3,101060.0
2020-12-17,123.0,127.4,119.4,126.9,98190.9
2020-12-18,126.2,127.5,115.8,123.4,429679.4
2020-12-21,121.5,128.3,117.5,127.7,118943.6
2020-12-22,129.2,133.4,126.6,129.1,109360.2
2020-12-23,128.5,129.4,121.6,124.9,75657.9
2020-12-24,125.2,128.9,122.3,122.8,27533.6
2020-12-28,124.0,126.2,118.0,118.5,52937.5
2020-12-29,118.6,120.0,114.2,118.55,69609.7
2020-12-30,119.0,123.3,117.2,118.0,38426.1
2020-12-31,117.6,117.6,108.0,108.6,64607.2
2021-01-04,108.4,121.5,105.5,119.8,186223.3
2021-01-05,119.8,121.9,114.4,115.8,89995.1
2021-01-06,115.8,116.6,105.6,114.5,128385.2
2021-01-07,114.4,121.8,112.5,119.6,78841.9
2021-01-08,121.5,124.9,115.9,118.39,73274.7
2021-01-11,115.21,122.3,115.21,121.9,37037.2
2021-01-12,122.0,124.9,117.3,120.9,71717.2
2021-01-13,120.5,120.5,113.4,113.8,58928.8
2021-01-14,115.0,121.1,114.3,119.55,88356.8
2021-01-15,120.0,120.4,113.4,113.7,57502.3
2021-01-19,114.9,122.3,113.1,121.7,104049.2
2021-01-20,134.5,147.9,124.0,139.4,217860.9
2021-01-21,149.85,149.85,130.2,136.9,132028.7
2021-01-22,136.1,136.8,127.0,133.9,56410.3
2021-01-25,130.0,140.0,128.4,137.7,63491.1
2021-01-26,137.7,140.2,128.7,138.0,57397.5
2021-01-27,128.9,132.5,120.7,121.6,79821.8
2021-01-28,124.6,129.7,122.2,122.7,83422.9
2021-01-29,122.8,128.4,121.0,123.3,50971.5
2021-02-01,123.0,123.9,118.4,123.0,72087.9
2021-02-02,126.4,132.6,123.1,132.5,45943.5
2021-02-03,130.8,135.7,130.8,131.8,35335.2
2021-02-04,131.8,136.49,130.4,135.2,40377.4
2021-02-05,135.9,140.3,135.8,140.1,59915.5
2021-02-08,145.0,145.5,140.8,145.3,63216.9
2021-02-09,147.7,150.0,141.3,149.5,43418.0
2021-02-10,141.0,146.0,136.5,141.5,44146.8
2021-02-11,140.3,144.1,135.1,138.8,40582.0
2021-02-12,135.4,142.8,131.4,134.3,69540.2
2021-02-16,138.5,140.0,131.4,134.4,49275.9
2021-02-17,132.7,137.4,129.7,133.1,57865.7
2021-02-18,129.7,132.4,125.1,128.4,43605.9
2021-02-19,128.4,134.82,127.9,128.5,34801.7
2021-02-22,127.5,128.5,124.2,128.4,45036.5
2021-02-23,124.8,133.9,119.6,132.0,127180.6
2021-02-24,134.0,138.8,131.0,132.9,54449.3
2021-02-25,140.56,140.56,118.8,118.8,57015.5
2021-02-26,126.1,129.9,120.0,126.5,96998.8
2021-03-01,129.3,134.6,128.5,132.5,76992.8
2021-03-02,130.2,131.6,121.5,121.5,57157.1
2021-03-03,121.7,124.323,112.9,113.0,74179.2
2021-03-04,113.0,118.6,105.9,109.6,121831.4
2021-03-05,99.6,113.35,99.6,111.2,103485.2
2021-03-08,112.5,113.3,103.8,105.5,72908.5
2021-03-09,107.8,115.2,107.8,113.3,37819.1
2021-03-10,115.2,115.9,108.3,110.0,56233.1
2021-03-11,112.2,114.6,110.3,111.7,56924.9
2021-03-12,111.1,112.4,106.5,109.4,48195.0
2021-03-15,107.3,108.258,105.4,106.5,44673.7
2021-03-16,106.5,108.9,103.6,105.6,42628.2
2021-03-17,103.4,125.0,102.7,116.2,68049.3
2021-03-18,116.999,116.999,102.7,102.9,78430.4
2021-03-19,104.2,111.4,102.1,109.3,240288.8
2021-03-22,109.9,111.8,106.9,107.9,33624.2
2021-03-23,107.4,107.8,98.0,98.55,79769.0
2021-03-24,100.0,100.45,92.3,92.55,97129.4
2021-03-25,94.0,103.6,94.0,103.4,117427.9
2021-03-26,103.5,103.5,96.1,99.4,58804.8
2021-03-29,99.5,101.617,94.1,94.3,59630.9
2021-03-30,95.0,98.1,91.0,94.5,36409.6
2021-03-31,95.3,102.3,95.3,98.6,64071.6
2021-04-01,99.2,103.95,98.8,100.8,64264.9
2021-04-05,101.2,108.5,101.2,105.6,68763.7
2021-04-06,105.5,106.4,92.6,96.5,67341.3
2021-04-07,98.3,100.7,95.8,96.1,64912.9
2021-04-08,96.7,100.1,95.9,97.1,72072.2
2021-04-09,96.4,96.4,89.8,93.1,100772.6
2021-04-12,90.9,93.081,89.0,90.9,58459.1
2021-04-13,90.4,91.3,87.5,90.4,80023.9
2021-04-14,91.2,95.2,90.0,91.7,60259.3
2021-04-15,92.7,95.5,92.0,94.0,37686.4
2021-04-16,94.7,95.9,85.8,88.699,98497.3
2021-04-19,88.3,91.1,86.95,89.6,58478.8
2021-04-20,88.3,91.3,87.0,89.2,40572.6
2021-04-21,89.6,92.7,87.05,92.3,61645.0
2021-04-22,92.7,97.7,89.8,95.2,84710.6
2021-04-23,95.6,97.0,94.401,95.0,60912.7
2021-04-26,95.0,100.8,93.6,99.6,121727.2
2021-04-27,100.0,103.0,96.9,98.6,51453.9
2021-04-28,99.1,103.3,42.7,48.8,278238.3
2021-04-29,54.0,58.5,37.8,38.7,3800727.2
2021-04-30,38.9,42.2,38.0,39.5,1763209.0
2021-05-03,40.0,43.0,36.8,37.5,922189.9
2021-05-04,37.2,37.6,35.1,36.1,394196.2
2021-05-05,36.5,37.5,34.6,36.6,353689.3
2021-05-06,36.6,37.2,35.5,37.1,314621.3
2021-05-07,35.6,38.7,35.6,37.8,286270.0
2021-05-10,37.9,38.5,36.7,36.9,215015.3
2021-05-11,36.9,37.4,34.7,36.5,374254.7
2021-05-12,36.6,40.1,35.8,37.1,578679.0
2021-05-13,36.1,37.7,35.5,36.8,223093.8
2021-05-14,36.1,37.3,35.8,36.2,220059.8
2021-05-17,36.0,36.8,35.2,36.0,168442.4
2021-05-18,35.8,36.6,35.1,35.9,195074.8
2021-05-19,35.3,35.7,34.2,34.6,189048.6
2021-05-20,34.8,35.87,34.2,35.0,199195.0
2021-05-21,35.2,36.0,34.5,34.8,110278.2
2021-05-24,35.0,35.3,33.4,34.5,193165.8
2021-05-25,34.2,35.0,33.9,34.2,144003.8
2021-05-26,34.7,35.9,34.0,34.8,157101.2
2021-05-27,35.3,36.7,35.1,35.2,170712.4
2021-05-28,35.2,36.05,34.5,35.0,131046.1
2021-06-01,34.5,35.8,34.15,35.3,155005.2
2021-06-02,35.1,35.5,33.5,34.0,290671.8
2021-06-03,34.5,34.65,33.5,34.3,160769.8
2021-06-04,34.0,34.3,33.5,33.8,208465.2
2021-06-07,34.3,35.5,33.6,35.4,334705.7
2021-06-08,35.4,35.75,34.5,35.6,173124.0
2021-06-09,35.2,36.4,35.0,35.5,189123.9
2021-06-10,36.2,36.9,35.4,36.8,196606.2
2021-06-11,36.9,37.95,35.8,37.2,198045.9
2021-06-14,36.3,37.7,36.0,37.0,205277.4
2021-06-15,36.9,37.5,36.0,36.1,113468.1
2021-06-16,36.0,37.4,35.55,36.7,148819.6
2021-06-17,37.2,37.5,36.3,37.0,143980.0
2021-06-18,37.7,38.1,35.1,37.4,828769.5
2021-06-21,36.7,37.27,35.9,36.1,150666.7
2021-06-22,36.1,36.5,34.9,36.0,160484.5
2021-06-23,36.199,36.8,35.65,36.7,109069.9
2021-06-24,36.8,37.7,36.0,36.7,177205.5
2021-06-25,37.002,38.6,35.7,37.5,458216.8
2021-06-28,37.7,38.1,36.15,36.7,242174.6
2021-06-29,36.8,37.5,35.2,36.0,192038.6
2021-06-30,36.9,36.9,34.2,34.7,164888.5
2021-07-01,35.3,36.0,34.4,35.6,158538.0
2021-07-02,36.0,36.2,34.7,35.9,120313.4
2021-07-06,35.5,35.5,33.5,34.2,161437.1
2021-07-07,33.9,34.5,33.1,33.5,224436.2
2021-07-08,33.6,34.9,33.2,34.4,157431.8
2021-07-09,34.5,35.6,33.1,35.2,97182.0
2021-07-12,34.6,36.6,34.2,34.6,88963.3
2021-07-13,34.3,35.0,33.7,34.0,99186.2
2021-07-14,33.8,33.8,31.5,32.0,206833.9
2021-07-15,32.0,32.0,30.2,31.4,165143.3
2021-07-16,30.508,32.0,30.508,31.001,128631.4
2021-07-19,31.0,31.0,29.35,29.7,443520.8
2021-07-20,30.4,31.2,29.2,31.1,204103.2
2021-07-21,30.7,31.5,30.4,31.3,117635.6
2021-07-22,31.0,31.6,26.0,27.2,147721.6
2021-07-23,26.6,27.0,22.55,23.5,969268.1
2021-07-26,23.6,25.05,22.6,24.3,448972.3
2021-07-27,24.4,25.0,22.9,23.5,197725.8
2021-07-28,23.8,23.9,23.1,23.7,248321.0
2021-07-29,23.9,25.25,23.3,23.8,233674.9
2021-07-30,23.5,24.5,22.65,23.2,213549.2
2021-08-02,22.8,25.0,22.3,24.0,266215.4
2021-08-03,24.5,24.5,23.2,23.6,142076.7
2021-08-04,23.6,24.2,22.9,22.9,162358.3
2021-08-05,23.0,24.2,23.0,23.7,180409.5
2021-08-06,23.5,25.9,22.8,25.5,232496.5
2021-08-09,24.3,25.8,24.3,25.4,163548.6
2021-08-10,25.256,25.8,24.1,24.8,101743.9
2021-08-11,24.8,25.1,24.4,24.6,91578.0
2021-08-12,24.8,24.8,23.9,24.3,96576.6
2021-08-13,24.499,24.5,23.2,23.6,129264.2
2021-08-16,23.3,23.4,22.2,22.7,122053.3
2021-08-17,22.5,23.2,21.71,23.1,110210.6
2021-08-18,22.7,23.1,21.9,22.1,113285.5
2021-08-19,22.1,22.1,20.8,21.183,127261.7
2021-08-20,21.2,21.9,20.65,21.799,101973.6
2021-08-23,21.6,23.65,21.6,23.5,140566.8
2021-08-24,23.6,23.85,22.75,23.5,53662.8
2021-08-25,23.2,24.2,22.95,24.1,80141.4
2021-08-26,24.2,24.3,23.0,23.0,77632.1
2021-08-27,23.4,24.4,22.83,24.0,102006.0
2021-08-30,24.699,25.3,23.6,23.8,101976.8
2021-08-31,24.2,24.6,24.0,24.3,64949.7
2021-09-01,24.9,25.0,24.2,24.4,78921.7
2021-09-02,25.0,25.65,24.5,24.8,80206.2
2021-09-03,24.701,25.1,23.3,23.7,129861.4
2021-09-07,23.7,23.701,22.7,23.0,123301.3
2021-09-08,23.4,23.6,22.8,23.267,77090.3
2021-09-09,22.984,23.9,22.7,23.2,92032.5
2021-09-10,23.2,23.4,22.4,22.4,123877.3
2021-09-13,23.0,23.7,21.25,23.2,283887.5
2021-09-14,22.8,22.908,21.6,21.9,147137.4
2021-09-15,21.9,22.15,21.3,21.8,159076.6
2021-09-16,22.1,22.5,21.0,22.3,216437.5
2021-09-17,22.1,24.2,21.8,23.0,1176866.8
2021-09-20,23.2,23.5,21.6,22.6,123281.6
2021-09-21,22.4,23.25,22.2,22.9,54742.7
2021-09-22,22.9,22.9,22.2,22.5,50212.7
2021-09-23,23.9,23.9,22.2,22.7,68843.4
2021-09-24,22.7,23.05,22.2,22.3,85407.3
2021-09-27,22.3,24.6,22.3,23.8,213881.2
2021-09-28,24.0,24.0,22.501,23.0,120383.3
2021-09-29,23.7,23.7,21.9,22.3,161329.2
2021-09-30,22.1,22.3,21.3,22.0,160330.1
2021-10-01,21.9,26.8,20.1,25.801,705520.8
2021-10-04,25.9,26.8,22.9,23.8,2358841.1
2021-10-05,23.5,24.6,21.4,21.5,751777.5
2021-10-06,21.5,21.8,20.0,20.9,426592.1
2021-10-07,20.5,21.2,20.1,20.7,227356.7
2021-10-08,20.7,21.15,20.4,21.0,129590.3
2021-10-11,20.7,21.3,20.5,20.7,89429.7
2021-10-12,20.8,21.7,20.4,21.6,440240.9
2021-10-13,21.4,22.0,21.0,21.1,163912.5
2021-10-14,21.4,22.0,21.2,21.3,127634.9
2021-10-15,21.3,21.7,20.6,20.7,132068.2
2021-10-18,20.5,20.8,19.9,20.5,155843.1
2021-10-19,20.201,20.6,20.1,20.2,66890.6
2021-10-20,20.2,20.6,20.1,20.3,73700.0
2021-10-21,20.1,20.55,19.9,20.1,105870.1
2021-10-22,20.0,20.0,19.2,19.7,130318.6
2021-10-25,20.6,20.6,19.3,19.5,93068.9
2021-10-26,19.6,19.7,19.05,19.5,75283.2
2021-10-27,19.4,19.8,18.9,19.2,93853.5
2021-10-28,19.1,21.4,19.0,21.0,310417.9
2021-10-29,20.9,22.9,20.9,22.8,462685.5
2021-11-01,22.7,23.1,21.9,22.2,194483.1
2021-11-02,22.4,23.2,21.9,23.1,92187.5
2021-11-03,22.501,23.7,22.501,23.1,111673.6
2021-11-04,23.3,23.7,22.4,22.6,73876.4
2021-11-05,22.8,23.2,21.8,22.0,72354.3
2021-11-08,21.9,22.9,21.8,21.9,57159.4
2021-11-09,22.1,23.2,22.0,23.0,83570.1
2021-11-10,22.6,23.5,22.2,22.7,85865.8
2021-11-11,22.8,22.85,22.1,22.1,44458.8
2021-11-12,22.3,22.6,21.5,22.0,72076.6
2021-11-15,21.9,22.099,21.5,22.0,63693.1
2021-11-16,21.7,21.7,21.0,21.1,55827.8
2021-11-17,21.05,21.6,21.0,21.3,38492.9
2021-11-18,20.3,21.15,20.2,20.5,61955.6
2021-11-19,20.2,21.0,19.8,20.0,115645.3
2021-11-22,20.0,20.3,19.5,20.3,87518.4
2021-11-23,19.6,21.0,19.0,21.0,95129.4
2021-11-24,20.4,20.5,19.7,20.1,48321.0
2021-11-26,19.9,19.9,18.9,19.5,70086.5
2021-11-29,19.6,19.8,18.55,19.0,75034.4
2021-11-30,18.503,18.9,16.9,17.7,525268.7
2021-12-01,17.8,18.2,17.4,17.9,196819.7
2021-12-02,17.7,18.5,17.1,18.0,157454.3
2021-12-03,18.3,18.3,17.25,17.6,98088.4
2021-12-06,17.8,18.1,16.9,17.7,161599.5
2021-12-07,17.618,18.4,17.6,17.7,125767.7
2021-12-08,17.9,19.2,17.4,18.9,114918.4
2021-12-09,18.5,19.0,18.202,18.202,73089.9
2021-12-10,18.4,18.8,17.8,18.5,69617.5
2021-12-13,18.001,19.2,17.8,18.8,143559.7
2021-12-14,19.0,19.0,17.6,17.7,113942.9
2021-12-15,17.7,18.7,17.45,18.6,108750.7
2021-12-16,18.8,19.1,17.8,18.1,126671.1
2021-12-17,17.9,18.7,17.4,18.1,168978.8
2021-12-20,18.0,19.0,17.4,19.0,114798.7
2021-12-21,18.6,19.1,18.3,18.7,69600.0
2021-12-22,18.8,19.0,18.1,18.5,39669.1
2021-12-23,18.5,19.1,18.3,18.5,86216.2
2021-12-27,18.8,19.0,17.999,18.3,63159.9
2021-12-28,18.3,18.6,17.7,17.8,99672.4
2021-12-29,18.0,18.125,17.5,17.7,104139.2
2021-12-30,17.7,18.75,17.6,17.7,130491.4
2021-12-31,17.7,18.2,17.5,17.6,133898.0
2022-01-03,18.0,20.4,17.5,19.3,677405.9
2022-01-04,19.3,20.0,17.4,18.001,226361.9
2022-01-05,18.1,18.4,17.2,17.2,129324.4
2022-01-06,17.4,17.5,16.6,17.3,182217.8
2022-01-07,17.2,17.6,16.6,16.999,101821.4
2022-01-10,16.6,16.8,16.0,16.2,102500.1
2022-01-11,16.6,16.8,16.1,16.301,96344.3
2022-01-12,17.5,17.5,15.9,16.199,114916.3
2022-01-13,16.0,16.3,15.8,16.2,86730.2
2022-01-14,15.9,16.6,15.5,16.3,125975.8
2022-01-18,16.9,16.9,15.4,15.5,114197.8
2022-01-19,15.5,16.3,15.4,15.9,103117.3
2022-01-20,16.2,16.2,15.31,15.5,59617.3
2022-01-21,15.2,15.8,15.2,15.5,96381.2
2022-01-24,15.2,15.95,13.8,15.7,104052.2
2022-01-25,15.7,16.2,15.2,16.0,52638.9
2022-01-26,16.0,16.2,15.2,15.2,50962.7
2022-01-27,16.0,16.0,14.75,15.0,82009.0
2022-01-28,15.0,15.5,14.5,15.5,97971.2
2022-01-31,15.4,16.6,15.35,16.2,64834.1
2022-02-01,16.5,16.8,16.1,16.5,56664.3
2022-02-02,16.5,16.5,15.55,15.7,51678.3
2022-02-03,15.7,15.7,14.95,15.0,61826.6
2022-02-04,15.1,15.5,15.0,15.1,153294.3
2022-02-07,15.4,15.9,15.2,15.8,100492.5
2022-02-08,15.7,15.8,15.45,15.6,66004.6
2022-02-09,15.8,16.1,15.5,15.7,84739.9
2022-02-10,15.5,15.6,14.8,14.9,118510.9
2022-02-11,14.8,15.0,14.2,14.9,92883.9
2022-02-14,14.6,14.6,13.7,13.9,42989.3
2022-02-15,14.1,14.4,14.0,14.2,33399.6
2022-02-16,14.5,14.5,14.0,14.2,33651.9
2022-02-17,14.1,14.25,13.6,13.7,42618.8
2022-02-18,13.6,14.1,13.5,13.7,74573.1
2022-02-22,12.8,13.8,12.8,13.4,50756.3
2022-02-23,13.3,14.399,12.9,13.599,77232.3
2022-02-24,12.5,13.65,12.5,12.9,58279.8
2022-02-25,13.3,14.3,13.1,14.3,46188.6
2022-02-28,13.8,14.1,13.35,13.8,35116.0
2022-03-01,13.214,13.75,13.1,13.5,39643.1
2022-03-02,13.1,13.25,12.9,13.1,27930.2
2022-03-03,13.1,13.25,12.4,12.5,68458.1
2022-03-04,12.4,12.7,12.3,12.6,32233.5
2022-03-07,12.6,13.0,12.3,12.5,53733.4
2022-03-08,12.7,13.5,12.5,13.5,57229.0
2022-03-09,13.2,13.9,13.1,13.9,30337.399999999998
2022-03-10,13.3,13.5,13.1,13.3,36446.8
2022-03-11,13.4,13.5,12.8,13.0,63137.0
2022-03-14,12.7,12.9,12.2,12.2,56216.5
2022-03-15,12.3,12.5,12.1,12.5,65613.4
2022-03-16,12.6,12.95,12.3,12.9,38965.4
2022-03-17,12.8,13.8,12.8,13.2,55895.6
2022-03-18,13.6,14.4,13.5,14.4,98607.7
2022-03-21,14.4,14.5,13.5,14.2,115877.5
2022-03-22,13.6,14.1,13.5,13.7,32499.0
2022-03-23,13.5,14.0,13.3,13.5,43430.2
2022-03-24,13.4,14.7,13.3,14.6,1065548.5
2022-03-25,14.9,15.1,14.0,14.8,81841.0
2022-03-28,14.9,14.9,13.0,13.0,66730.2
2022-03-29,13.8,14.4,13.6,14.2,62681.5
2022-03-30,14.0,14.4,13.4,13.7,56622.7
2022-03-31,13.3,13.6,13.0,13.1,50070.9
2022-04-01,13.0,13.4,12.8,13.0,75339.2
2022-04-04,13.3,13.6,13.1,13.6,49058.5
2022-04-05,13.3,13.6,13.0,13.0,33104.4
2022-04-06,12.6,13.2,12.6,13.2,37435.5
2022-04-07,13.0,14.5,12.5,12.9,52226.2
2022-04-08,12.5,12.8,12.2,12.2,34679.7
2022-04-11,12.1,12.2,11.7,11.9,68138.7
2022-04-12,10.6,12.2,9.754,11.3,126271.8
2022-04-13,11.7,13.7,11.601,12.4,754239.8
2022-04-14,11.8,12.8,11.7,12.0,77545.6
2022-04-18,13.193,13.2,11.2,11.399,84587.4
2022-04-19,11.1,11.6,11.0,11.4,57543.6
2022-04-20,11.3,11.9,10.95,11.5,59121.3
2022-04-21,11.6,12.4,11.3,11.3,109234.6
2022-04-22,11.3,11.5,11.001,11.1,48041.6
2022-04-25,11.4,12.3,11.397,11.701,50905.0
2022-04-26,12.0,12.0,11.1,11.2,45289.3
2022-04-27,11.0,11.5,10.7,11.2,82864.8
2022-04-28,11.0,11.3,10.3,11.3,102961.5
2022-04-29,11.3,11.3,10.6,10.6,53939.0
2022-05-02,10.8,11.8,10.7,11.101,102038.4
2022-05-03,11.8,11.8,11.0,11.4,60580.9
2022-05-04,11.8,11.8,10.7,11.6,50762.3
2022-05-05,11.699,11.699,10.5,10.7,43336.8
2022-05-06,10.599,10.7,10.1,10.2,58606.5
2022-05-09,10.0,10.5,9.102,10.0,62064.1
2022-05-10,10.1,10.9,10.1,10.5,107330.9
2022-05-11,10.6,10.6,9.622,10.3,123002.6
2022-05-12,9.8,10.1,9.0,9.4,154768.8
2022-05-13,9.54,9.599,8.12,8.58,278788.8
2022-05-16,8.501,8.8,7.909,8.385,111057.1
2022-05-17,8.5,8.7,8.0,8.7,80036.3
2022-05-18,8.6,9.0,8.3,8.5,122132.8
2022-05-19,8.8,8.8,8.333,8.5,71963.9
2022-05-20,8.49,8.967,8.125,8.55,71204.5
2022-05-23,8.31,8.9,8.16,8.2,57432.5
2022-05-24,8.2,8.543,8.18,8.4,51567.0
2022-05-25,8.39,8.717,8.39,8.573,66580.7
2022-05-26,8.8,8.988,8.5,8.739,54378.3
2022-05-27,8.719,8.999,8.7,8.8,51023.3
2022-05-31,8.999,9.5,8.8,9.5,71549.2
2022-06-01,9.1,9.201,8.7,8.806,68336.0
2022-06-02,9.1,10.0,8.715,9.02,83586.1
2022-06-03,9.5,10.0,8.901,9.899,138602.1
2022-06-06,10.7,10.7,9.704,10.3,123428.9
2022-06-07,10.1,11.1,9.875,10.9,194746.2
2022-06-08,10.8,11.1,10.1,10.9,190154.2
2022-06-09,10.8,11.1,10.3,10.6,96431.5
2022-06-10,11.0,11.0,9.8,9.85,89582.0
2022-06-13,9.486,9.801,9.122,9.785,60529.2
2022-06-14,9.45,9.6,9.2,9.6,30369.9
2022-06-15,9.135,10.1,9.112,9.6,80688.3
2022-06-16,9.6,9.697,9.002,9.55,85168.8
2022-06-17,9.6,10.2,9.221,9.9,102221.2
2022-06-21,10.3,10.5,9.785,10.1,120937.9
2022-06-22,10.0,10.6,10.0,10.5,110119.7
2022-06-23,10.3,10.8,10.2,10.8,130468.1
2022-06-24,10.8,11.1,10.15,10.9,1057413.6
2022-06-27,10.6,10.8,10.1,10.6,52164.6
2022-06-28,10.6,12.3,10.6,11.799,138162.0
2022-06-29,11.8,12.0,11.4,11.6,79254.5
2022-06-30,11.5,12.2,11.3,11.5,77903.3
2022-07-01,11.9,11.9,11.3,11.3,54486.2
2022-07-05,11.7,12.0,11.4,11.6,74372.4
2022-07-06,12.2,13.0,11.6,12.3,88526.0
2022-07-07,12.4,14.6,12.4,14.1,605684.7
2022-07-08,13.1,15.6,13.1,15.5,387864.0
2022-07-11,14.7,16.3,14.3,16.1,269190.7
2022-07-12,16.0,17.9,15.0,17.6,187515.8
2022-07-13,16.1,18.0,16.0,18.0,826963.5
2022-07-14,16.8,18.2,16.7,16.8,99101.9
2022-07-15,17.6,18.3,14.7,16.6,196474.1
2022-07-18,16.9,17.5,16.6,17.0,54842.1
2022-07-19,16.8,17.55,16.65,17.1,37541.6
2022-07-20,16.9,17.7,16.8,17.4,101037.9
2022-07-21,17.2,17.7,17.026,17.2,16864.5
2022-07-22,17.1,17.2,15.5,15.5,26372.7
2022-07-25,16.2,16.2,15.0,15.0,54687.1
2022-07-26,15.1,16.0,15.1,15.5,17488.8
2022-07-27,16.2,16.45,15.4,15.6,18112.1
2022-07-28,16.1,16.1,15.0,15.0,19056.8
2022-07-29,15.001,15.3,14.4,14.4,22707.6
2022-08-01,14.6,15.0,13.6,13.8,53132.3
2022-08-02,13.6,14.0,13.0,13.5,24333.5
2022-08-03,13.2,14.15,12.7,13.9,85578.8
2022-08-04,13.5,15.6,13.4,14.616,41977.6
2022-08-05,14.6,16.1,14.6,15.3,28573.3
2022-08-08,16.4,16.4,14.8,15.2,29150.1
2022-08-09,15.2,15.5,14.8,14.9,42070.6
2022-08-10,14.8,15.4,14.7,14.7,9049.5
2022-08-11,15.0,15.9,14.85,15.0,35856.4
2022-08-12,15.8,15.8,14.5,14.7,23291.0
2022-08-15,13.7,15.0,13.7,15.0,23816.4
2022-08-16,13.9,14.3,12.8,13.9,100663.2
2022-08-17,14.1,14.4,13.2,13.2,23415.0
2022-08-18,13.5,14.1,13.0,13.3,20715.3
2022-08-19,13.4,13.4,12.7,13.3,43199.1
2022-08-22,12.5,12.9,12.3,12.4,31288.8
2022-08-23,12.2,12.675,12.0,12.5,16650.2
2022-08-24,12.3,12.8,12.2,12.8,12207.4
2022-08-25,13.2,13.2,11.7,11.9,38813.0
2022-08-26,13.2,13.2,11.05,11.5,121624.9
2022-08-29,11.7,11.7,11.1,11.1,18783.5
2022-08-30,11.2,12.3,10.6,12.3,73909.0
2022-08-31,12.1,12.29,11.0,11.1,36053.5
2022-09-01,11.6,11.6,10.5,11.2,16188.699999999999
2022-09-02,11.3,11.5,11.1,11.1,12722.6
2022-09-06,11.1,11.3,10.6,10.6,16755.3
2022-09-07,10.7,11.1,10.5,11.0,19792.7
2022-09-08,11.0,11.6,10.8,11.3,11093.9
2022-09-09,11.5,12.1,11.2,11.4,53284.1
2022-09-12,11.5,12.2,10.4,10.7,180274.4
2022-09-13,10.8,11.1,10.4,10.9,43941.7
2022-09-14,11.1,11.4,10.6,10.9,38166.0
2022-09-15,10.5,11.4,10.5,11.0,22704.0
2022-09-16,10.9,11.55,10.7,11.0,44324.5
2022-09-19,10.916,11.0,10.5,11.0,75485.5
2022-09-20,10.6,10.7,10.2,10.2,46679.0
2022-09-21,10.012,10.7,10.012,10.2,65372.1
2022-09-22,10.4,10.4,10.0,10.1,19854.6
2022-09-23,9.734,10.092,9.149,9.149,47483.1
2022-09-26,9.5,9.978,9.1,9.204,37303.4
2022-09-27,8.894,9.6,8.8,9.2,18195.2
2022-09-28,8.8,10.2,8.8,9.681,216622.8
2022-09-29,9.7,9.961,9.206,9.961,22164.8
2022-09-30,9.975,11.5,9.464,10.0,28500.9
2022-10-03,10.4,10.6,9.664,10.0,52982.7
2022-10-04,10.0,10.8,10.0,10.8,17832.7
2022-10-05,10.7,10.7,10.1,10.1,16222.8
2022-10-06,10.1,10.4,9.9,10.0,20669.4
2022-10-07,10.0,10.2,9.701,9.75,16577.3
2022-10-10,9.8,9.925,9.3,9.743,15017.8
2022-10-11,9.2,9.631,9.1,9.583,15310.9
2022-10-12,9.2,9.37,9.0,9.312,12478.6
2022-10-13,9.7,9.7,9.0,9.099,22862.1
2022-10-14,9.1,9.4,9.008,9.4,6871.0
2022-10-17,9.201,9.7,9.025,9.411,14537.1
2022-10-18,9.411,9.65,9.1,9.226,17183.5
2022-10-19,9.0,9.314,8.52,8.55,42103.4
2022-10-20,8.5,8.8,8.5,8.51,17700.1
2022-10-21,8.53,8.999,8.52,8.999,14562.6
2022-10-24,8.9,9.7,8.53,8.701,40371.2
2022-10-25,9.0,9.5,8.8,9.001,21979.8
2022-10-26,10.6,10.6,9.0,9.107,10836.5
2022-10-27,9.001,9.37,8.737,9.2,6505.1
2022-10-28,9.3,9.481,8.901,9.051,17175.2
2022-10-31,8.7,9.05,8.65,8.65,27049.8
2022-11-01,8.7,9.21,8.575,8.575,21618.6
2022-11-02,8.8,9.547,8.4,8.5,28667.9
2022-11-03,8.4,8.591,8.12,8.5,22371.7
2022-11-04,8.29,9.5,7.3,8.0,155047.5
2022-11-07,8.3,8.301,7.7,7.753,30139.1
2022-11-08,7.7,8.16,7.213,7.3,79320.3
2022-11-09,7.4,7.699,6.8,6.8,56812.2
2022-11-10,7.4,8.056,7.0,7.316,28389.3
2022-11-11,7.5,7.975,7.05,7.311,18520.0
2022-11-14,7.675,8.0,7.188,7.351,30171.2
2022-11-15,7.8,7.8,7.001,7.3,45759.7
2022-11-16,7.001,7.387,6.3,6.58,58940.8
2022-11-17,6.41,7.485,6.375,7.1,205834.7
2022-11-18,7.25,7.447,7.1,7.1,18418.0
2022-11-21,7.498,7.498,6.91,7.17,12849.5
2022-11-22,7.001,7.324,6.8,6.95,587569.7000000001
2022-11-23,7.288,7.5,7.0,7.208,7720.1
2022-11-25,7.3,7.3,6.85,7.106,12467.0
2022-11-28,7.285,7.285,6.545,7.179,22992.6
2022-11-29,6.6,7.001,6.6,7.0,19892.8
2022-11-30,6.8,7.053,6.5,6.899,67262.8
2022-12-01,6.5,6.881,6.5,6.52,21469.7
2022-12-02,7.0,7.0,6.41,6.6,66210.6
2022-12-05,6.59,6.661,6.422,6.599,30542.3
2022-12-06,6.59,6.7,6.39,6.545,17263.2
2022-12-07,6.7,6.7,6.3,6.322,21645.0
2022-12-08,6.5,6.5,6.15,6.4,50234.3
2022-12-09,6.16,6.4,6.16,6.4,25390.6
2022-12-12,6.45,7.0,6.191,6.825,41206.0
2022-12-13,6.4,6.7,6.281,6.365,57459.1
2022-12-14,6.6,6.87,6.25,6.3,7452.3
2022-12-15,6.5,6.5,6.261,6.314,19257.3
2022-12-16,6.3,6.625,6.0,6.498,202885.8
2022-12-19,6.16,6.504,5.9,6.196,47333.5
2022-12-20,5.811,6.2,5.615,6.015,150225.2
2022-12-21,5.71,5.9,5.429,5.59,335749.6
2022-12-22,5.544,6.3,5.482,6.084,41352.9
2022-12-23,6.0,6.105,5.6,5.985,34031.7
2022-12-27,5.7,5.8,5.31,5.4,246812.9
2022-12-28,5.595,5.595,5.355,5.519,30052.4
2022-12-29,5.4,6.0,5.244,5.7,26104.6
2022-12-30,5.725,6.1,5.499,5.5,42975.2
2023-01-03,5.7,6.499,5.7,6.499,26104.7
2023-01-04,6.4,6.6,6.3,6.465,11877.1
2023-01-05,6.427,6.763,6.3,6.412,17746.7
2023-01-06,6.35,6.731,6.2,6.731,17999.9
2023-01-09,6.3,6.785,6.3,6.301,29859.9
2023-01-10,6.7,6.8,6.56,6.6,36447.2
2023-01-11,6.695,6.9,6.517,6.877,24839.8
2023-01-12,7.1,7.1,6.604,6.817,29247.5
2023-01-13,6.999,6.999,6.707,6.999,24055.2
2023-01-17,6.7,6.919,6.421,6.6,45975.1
2023-01-18,6.563,6.75,6.416,6.5,9856.3
2023-01-19,6.8,6.8,6.322,6.689,26133.6
2023-01-20,6.543,6.955,6.543,6.8,5803.1
2023-01-23,6.8,7.032,6.43,6.5,45664.2
2023-01-24,6.5,6.699,6.35,6.597,9828.1
2023-01-25,6.526,6.998,6.353,6.998,39745.5
2023-01-26,7.3,7.3,6.6,6.88,4455.6
2023-01-27,6.5,7.0,6.5,6.596,22491.4
2023-01-30,6.94,7.281,6.75,7.281,168126.9
2023-01-31,7.1,7.2,6.5,6.551,143285.0
2023-02-01,6.6,7.0,6.6,6.904,8456.4
2023-02-02,6.9,7.2,6.7,6.989,18905.6
2023-02-03,6.902,7.202,6.902,7.198,26647.3
2023-02-06,6.851,7.2,6.8,6.92,20038.8
2023-02-07,6.909,7.1,6.804,6.86,2468.9
2023-02-08,6.88,6.93,6.601,6.608,50079.6
2023-02-09,6.8,6.88,6.51,6.6,44416.0
2023-02-10,6.6,6.88,6.1,6.285,70817.3
2023-02-13,6.4,6.411,6.22,6.227,8270.0
2023-02-14,6.22,6.411,6.16,6.257,24689.5
2023-02-15,6.16,6.495,6.16,6.3,13811.1
2023-02-16,6.322,6.699,6.3,6.32,4773.3
2023-02-17,6.2,6.6,6.2,6.511,12453.8
2023-02-21,6.3,6.487,6.201,6.201,30917.4
2023-02-22,6.7,6.898,6.27,6.897,31895.5
2023-02-23,6.929,7.015,6.35,7.0,53437.6
2023-02-24,7.0,7.098,6.7,7.0,35642.7
2023-02-27,7.0,7.095,6.901,6.951,17671.4
2023-02-28,7.0,7.299,7.0,7.299,31850.2
2023-03-01,7.2,7.55,7.0,7.5,33285.3
2023-03-02,7.718,7.8,7.005,7.43,34664.8
2023-03-03,7.1,7.7,7.1,7.6,21146.7
2023-03-06,7.202,7.763,7.202,7.278,20416.9
2023-03-07,7.5,8.299,7.437,7.9,59304.3
2023-03-08,7.9,8.5,7.801,8.5,105295.0
2023-03-09,8.399,8.399,7.902,8.1,68729.7
2023-03-10,8.0,8.0,7.645,7.933,82827.9
2023-03-13,7.837,8.002,7.31,8.002,22970.2
2023-03-14,8.399,8.399,7.505,7.505,20422.5
2023-03-15,8.265,8.265,7.315,8.188,76334.4
2023-03-16,8.3,8.49,7.888,8.48,49003.3
2023-03-17,8.477,8.6,7.51,7.7,80215.5
2023-03-20,7.617,8.118,7.6,7.602,13099.5
2023-03-21,7.755,8.082,7.6,7.822,18356.6
2023-03-22,7.8,7.813,7.343,7.8,10676.3
2023-03-23,7.7,7.9,7.251,7.479,44172.5
2023-03-24,7.46,8.0,7.3,7.6,466066.0
2023-03-27,7.7,8.132,7.577,8.099,30554.8
2023-03-28,7.848,8.3,7.602,7.602,17885.0
2023-03-29,7.715,8.2,7.254,7.505,14903.3
2023-03-30,7.506,8.0,7.002,7.998,13047.800000000001
2023-03-31,7.6,7.7,7.0,7.0,10536.7
2023-04-03,7.29,7.4,6.839,6.928,11809.0
2023-04-04,6.88,7.1,6.88,7.0,11465.4
2023-04-05,6.901,7.404,6.901,7.22,3437.5
2023-04-06,7.338,7.338,6.81,6.9,12492.4
2023-04-10,6.7,7.402,6.7,6.84,125321.6
2023-04-11,7.558,7.6,7.1,7.5,9245.8
2023-04-12,7.4,7.7,7.209,7.5,16240.0
2023-04-13,7.4,8.3,7.281,8.284,73546.1
2023-04-14,8.1,8.5,8.0,8.4,39440.1
2023-04-17,8.4,8.888,8.2,8.8,24484.6
2023-04-18,8.85,9.2,8.8,8.913,29069.6
2023-04-19,9.0,9.2,8.7,9.2,18199.6
2023-04-20,9.195,10.4,8.6,10.3,70302.8
2023-04-21,10.5,10.5,9.3,9.3,226542.6
2023-04-24,9.132,9.52,9.0,9.0,9952.7
2023-04-25,9.001,9.001,8.0,8.089,14990.3
2023-04-26,7.89,8.44,7.82,8.017,14182.4
2023-04-27,7.917,8.421,7.9,8.177,6661.5
2023-04-28,8.177,8.439,7.1,7.73,16178.3
2023-05-01,7.604,8.262,7.558,8.101,14015.2
2023-05-02,8.1,8.3,7.21,7.999,34027.2
2023-05-03,7.7,8.0,7.6,7.7,7210.6
2023-05-04,7.8,8.0,7.6,7.6,9485.9
2023-05-05,8.0,8.253,7.621,8.076,11665.7
2023-05-08,8.0,8.29,7.938,8.154,8511.5
2023-05-09,8.2,8.3,7.72,8.07,8850.5
2023-05-10,8.3,8.49,8.027,8.48,10893.199999999999
2023-05-11,8.235,8.486,8.216,8.4,4674.9
2023-05-12,8.19,8.45,8.0,8.45,7024.3
2023-05-15,8.1,8.387,7.98,8.296,4936.6
2023-05-16,8.1,8.38,8.0,8.0,7365.8
2023-05-17,7.66,8.15,7.66,7.905,14796.0
2023-05-18,7.905,8.4,7.5,7.7,9599.7
2023-05-19,7.515,8.449,7.43,8.449,20873.5
2023-05-22,8.25,9.0,8.185,8.501,20337.0
2023-05-23,8.9,9.742,8.8,9.4,20456.3
2023-05-24,9.3,9.4,8.502,8.502,5718.0
2023-05-25,8.927,10.05,8.6,9.6,49117.0
2023-05-26,9.8,10.0,9.357,9.559,22507.5
2023-05-30,9.082,11.4,9.0,11.1,60206.8
2023-05-31,11.4,12.8,11.1,12.8,78653.3
2023-06-01,12.6,12.6,11.4,11.4,24069.1
2023-06-02,11.6,12.3,11.4,12.1,11900.9
2023-06-05,12.0,13.558,11.1,13.399,75892.9
2023-06-06,13.1,14.4,13.0,14.0,73297.5
2023-06-07,14.0,15.3,13.5,15.0,82054.8
2023-06-08,14.812,15.7,14.6,14.7,73236.3
2023-06-09,15.2,16.3,14.7,16.1,110400.4
2023-06-12,15.809,16.3,13.3,15.492,55758.9
2023-06-13,15.4,15.5,14.5,14.5,15537.5
2023-06-14,15.0,15.4,14.6,14.601,24778.6
2023-06-15,14.5,15.1,13.9,14.6,52726.7
2023-06-16,14.5,15.2,14.3,14.5,41669.2
2023-06-20,15.39,16.2,14.7,15.7,55148.8
2023-06-21,15.5,16.0,15.2,15.5,39234.5
2023-06-22,15.6,16.1,15.3,15.8,73760.3
2023-06-23,16.199,16.199,13.0,13.2,80743.3
2023-06-26,13.6,14.8,11.9,14.1,41846.0
2023-06-27,14.1,14.9,13.52,14.6,45114.2
2023-06-28,14.4,15.783,14.0,15.3,92422.1
2023-06-29,15.4,16.3,14.9,15.5,65780.3
2023-06-30,16.0,16.3,15.2,15.5,48482.4
2023-07-03,15.9,16.0,15.012,15.6,19414.3
2023-07-05,15.6,16.0,15.2,15.7,13547.1
2023-07-06,15.4,16.0,15.2,15.4,7714.2
2023-07-07,15.6,17.9,15.0,17.402,183770.0
2023-07-10,17.4,19.8,16.8,18.5,265146.2
2023-07-11,19.499,19.6,18.1,18.8,38058.9
2023-07-12,19.0,21.0,18.9,20.7,90278.2
2023-07-13,20.7,20.9,20.0,20.793,23700.7
2023-07-14,20.0,20.875,19.6,20.2,58925.3
2023-07-17,20.2,22.4,20.0,21.3,71798.2
2023-07-18,22.3,22.9,21.2,21.7,76678.5
2023-07-19,22.1,23.4,22.008,22.707,99303.3
2023-07-20,23.0,23.3,21.0,21.6,84015.7
2023-07-21,21.2,22.3,20.2,20.5,85827.5
2023-07-24,21.1,21.39,19.5,19.8,87890.5
2023-07-25,21.1,21.1,17.0,17.4,110855.0
2023-07-26,17.4,20.0,16.6,20.0,85304.3
2023-07-27,19.3,19.7,17.6,18.2,36722.7
2023-07-28,18.2,21.0,18.2,20.8,47205.6
2023-07-31,20.4,22.2,19.4,21.8,34037.1
2023-08-01,21.5,22.5,20.6,22.199,45183.8
2023-08-02,22.2,22.55,20.9,20.9,35720.4
2023-08-03,21.0,22.3,20.8,21.0,26443.6
2023-08-04,20.9,21.5,20.15,20.3,20398.3
2023-08-07,20.4,21.1,18.2,18.4,39839.5
2023-08-08,18.0,19.1,17.5,19.1,42930.6
2023-08-09,18.5,19.4,18.1,19.4,12256.6
2023-08-10,18.5,19.5,17.5,17.5,18192.6
2023-08-11,19.5,19.9,18.1,19.0,39918.5
2023-08-14,19.1,19.1,17.0,17.5,44935.0
2023-08-15,17.8,18.0,17.1,17.1,19828.4
2023-08-16,18.7,18.7,16.8,17.1,18903.3
2023-08-17,17.0,17.2,15.9,16.0,29610.3
2023-08-18,15.7,16.7,15.7,15.8,13572.1
2023-08-21,16.0,16.5,15.188,15.7,14527.4
2023-08-22,15.1,15.88,15.1,15.8,17927.8
2023-08-23,15.5,17.0,15.5,16.3,9777.9
2023-08-24,15.663,16.8,15.663,16.2,6410.6
2023-08-25,16.1,16.2,15.2,15.819,26359.7
2023-08-28,15.6,17.5,15.6,17.0,18220.6
2023-08-29,17.1,18.6,16.8,18.5,27472.7
2023-08-30,18.7,18.7,17.8,18.5,42909.6
2023-08-31,18.1,18.3,17.25,17.4,10224.2
2023-09-01,17.5,18.2,17.5,17.9,7403.4
2023-09-05,18.0,18.5,17.5,18.4,18837.2
2023-09-06,18.3,18.391,17.3,17.7,7725.2
2023-09-07,17.7,17.8,17.1,17.8,12255.5
2023-09-08,17.7,17.7,17.0,17.3,56138.4
2023-09-11,17.3,17.4,16.0,16.2,14443.4
2023-09-12,16.2,17.1,16.2,16.3,20387.9
2023-09-13,16.2,16.45,15.0,15.7,36008.7
2023-09-14,15.3,15.9,15.1,15.6,10359.6
2023-09-15,15.9,16.4,15.2,15.6,16906.2
2023-09-18,15.1,15.7,13.7,15.4,16355.9
2023-09-19,15.3,15.9,13.601,15.9,9104.1
2023-09-20,16.0,16.5,15.6,16.299,6713.9
2023-09-21,15.6,15.836,14.505,15.5,10384.6
2023-09-22,15.5,17.0,15.3,16.7,26728.4
2023-09-25,15.8,16.5,15.7,16.0,17016.2
2023-09-26,15.9,20.8,15.65,17.1,30356.5
2023-09-27,17.6,18.2,16.7,17.5,18377.5
2023-09-28,16.6,17.0,15.1,16.5,10865.1
2023-09-29,15.6,16.3,14.7,15.0,19628.4
2023-10-02,14.5,14.8,12.6,13.0,37035.5
2023-10-03,12.202,12.6,11.6,11.9,27399.4
2023-10-04,12.703,12.9,11.502,11.502,11487.8
2023-10-05,12.1,12.6,11.5,12.0,13605.0
2023-10-06,11.5,11.9,11.1,11.4,13496.8
2023-10-09,11.2,11.3,9.901,10.2,32372.9
2023-10-10,10.0,11.488,10.0,10.4,22904.8
2023-10-11,10.4,10.6,10.0,10.5,11459.4
2023-10-12,10.0,10.2,9.351,10.1,39373.9
2023-10-13,10.2,10.2,9.7,10.198,9699.9
2023-10-16,9.85,10.025,8.6,8.8,64586.1
2023-10-17,8.3,9.999,8.299,9.999,50905.2
2023-10-18,9.203,10.565,9.1,10.1,37747.9
2023-10-19,10.6,10.6,8.88,8.88,13024.2
2023-10-20,8.918,10.2,8.9,9.603,16650.3
2023-10-23,9.772,10.3,9.1,9.935,21348.3
2023-10-24,9.879,10.2,9.205,9.6,20156.0
2023-10-25,9.404,10.4,9.4,9.9,17452.9
2023-10-26,9.601,10.2,9.36,10.1,14025.5
2023-10-27,10.2,10.2,9.1,9.499,6391.0
2023-10-30,9.303,9.63,8.7,8.7,20744.3
2023-10-31,8.8,9.43,8.7,8.96,25790.9
2023-11-01,9.0,9.5,8.37,9.2,15324.6
2023-11-02,9.4,10.6,9.15,9.708,29703.9
2023-11-03,9.9,10.001,9.312,9.614,23848.7
2023-11-06,10.3,11.5,9.312,9.56,105064.7
2023-11-07,9.8,10.5,8.7,8.801,17293.3
2023-11-08,8.705,9.899,8.7,8.903,19617.3
2023-11-09,9.26,9.395,8.8,8.827,11327.1
2023-11-10,8.719,9.8,8.719,9.775,11851.5
2023-11-13,9.3,9.456,8.403,8.7,37973.8
2023-11-14,8.81,9.1,8.5,9.042,12735.5
2023-11-15,8.704,8.937,8.3,8.801,26764.5
2023-11-16,8.801,8.982,8.308,8.893,9601.1
2023-11-17,8.626,9.136,8.5,8.6,11914.5
2023-11-20,8.996,9.347,8.503,8.76,15455.1
2023-11-21,8.5,9.179,8.5,8.568,13243.0
2023-11-22,9.0,9.399,8.3,8.528,16038.8
2023-11-24,8.5,9.03,8.4,8.9,8054.0
2023-11-27,8.87,9.085,8.406,8.499,11068.7
2023-11-28,8.5,8.942,8.1,8.192,20174.5
2023-11-29,8.15,8.4,8.15,8.2,6355.0
2023-11-30,8.2,8.5,8.0,8.087,17986.9
2023-12-01,8.011,8.29,7.813,8.072,27825.7
2023-12-04,8.476,8.995,7.9,8.995,91650.5
2023-12-05,8.995,8.995,8.3,8.8,23849.9
2023-12-06,8.83,9.45,8.3,9.45,17100.2
2023-12-07,9.356,10.4,8.695,10.2,56467.4
2023-12-08,10.0,10.4,8.8,9.333,38974.0
2023-12-11,9.175,9.175,8.12,8.31,53178.8
2023-12-12,8.083,8.5,8.05,8.051,33036.4
2023-12-13,8.39,8.82,7.837,8.82,45522.5
2023-12-14,8.518,8.899,7.922,8.481,33988.3
2023-12-15,8.396,8.781,7.92,8.191,20183.8
2023-12-18,8.0,8.572,7.65,7.989,30666.2
2023-12-19,7.8,8.284,7.65,8.284,30041.8
2023-12-20,7.8,8.296,7.7,8.296,25894.2
2023-12-21,7.9,8.095,7.601,8.095,19735.5
2023-12-22,7.852,8.22,7.71,7.9,18821.6
2023-12-26,8.1,8.3,7.725,8.0,21152.6
2023-12-27,8.048,8.199,7.5,7.775,42419.9
2023-12-28,7.667,7.9,7.5,7.521,15890.8
2023-12-29,7.521,7.9,6.999,7.511,35579.5
2024-01-02,7.531,8.3,7.531,8.0,25167.2
2024-01-03,8.2,8.674,7.9,8.4,20844.3
2024-01-04,8.7,9.3,8.006,9.3,101906.8
2024-01-05,8.56,9.412,8.335,8.425,36880.7
2024-01-08,8.301,9.9,8.301,9.7,96821.7
2024-01-09,9.1,9.499,8.573,9.2,25673.9
2024-01-10,9.4,9.9,8.609,8.95,30232.2
2024-01-11,9.45,9.45,8.325,8.72,42587.3
2024-01-12,9.48,9.48,8.5,8.7,40434.5
2024-01-16,8.7,8.7,8.07,8.15,69227.3
2024-01-17,8.11,8.279,8.0,8.099,51152.1
2024-01-18,8.1,9.4,8.0,8.399,419929.9
2024-01-19,8.5,8.7,8.25,8.481,34765.5
2024-01-22,8.0,9.069,8.0,8.616,33111.9
2024-01-23,8.78,8.9,8.5,8.6,34289.8
2024-01-24,8.988,9.199,8.5,9.05,42202.6
2024-01-25,9.1,10.3,8.9,9.0,119265.3
2024-01-26,8.85,10.0,8.85,9.4,39074.8
2024-01-29,9.4,11.4,9.4,11.1,123956.4
2024-01-30,10.7,11.2,10.1,10.5,83563.6
2024-01-31,10.8,10.9,10.3,10.4,51927.6
2024-02-01,10.9,13.3,10.3,11.9,124330.0
2024-02-02,12.121,15.0,11.907,14.0,259210.8
2024-02-05,13.0,20.9,13.0,19.2,2285643.1
2024-02-06,19.0,27.3,17.0,23.9,663688.0
2024-02-07,24.8,28.2,21.7,27.5,643505.1
2024-02-08,28.4,31.2,19.301,19.4,1475179.6
2024-02-09,19.8,20.5,16.8,17.7,380256.2
2024-02-12,18.0,20.7,16.6,19.9,223442.1
2024-02-13,20.0,23.1,18.0,22.5,195719.0
2024-02-14,22.9,24.7,20.5,21.4,222150.5
2024-02-15,20.9,22.1,19.082,20.6,536149.7
2024-02-16,20.0,21.999,19.5,20.697,134730.4
2024-02-20,20.5,21.7,19.002,20.4,117571.9
2024-02-21,19.6,20.0,18.175,19.7,141541.6
2024-02-22,19.7,22.4,19.7,21.0,123921.2
2024-02-23,20.883,22.0,19.6,19.6,101875.1
2024-02-26,19.8,21.05,19.0,20.0,77076.2
2024-02-27,20.0,20.25,19.0,20.202,124147.4
2024-02-28,20.8,22.3,19.2,19.4,109781.5
2024-02-29,20.5,20.5,18.7,20.001,79878.6
2024-03-01,20.5,20.5,19.1,20.4,89483.3
2024-03-04,20.2,20.5,19.0,19.2,231263.4
2024-03-05,19.4,20.0,18.8,19.0,104820.1
2024-03-06,19.0,19.4,18.0,18.1,117447.1
2024-03-07,18.1,19.9,18.1,18.8,58137.9
2024-03-08,19.7,20.9,18.8,19.6,109342.2
2024-03-11,18.601,18.601,17.5,17.62,80972.0
2024-03-12,18.0,19.1,17.402,17.6,79299.8
2024-03-13,18.1,19.5,17.6,18.0,156628.3
2024-03-14,17.8,18.2,16.7,16.9,152683.8
2024-03-15,17.1,18.5,16.8,17.0,736857.2
2024-03-18,17.0,18.0,16.1,16.4,133999.8
2024-03-19,17.794,18.0,14.0,16.5,392730.1
2024-03-20,15.9,16.6,14.5,14.9,203201.1
2024-03-21,14.2301,17.65,14.2301,14.75,163205.0
2024-03-22,14.51,16.48,14.0,16.06,453248.0
2024-03-25,15.69,16.435,14.86,14.95,276224.0
2024-03-26,15.0,15.0,13.67,14.17,102829.0
2024-03-27,14.16,15.16,13.73,14.66,72531.0
2024-03-28,14.63,14.815,13.83,14.14,77508.0
2024-04-01,14.21,14.21,13.7,13.89,128058.0
2024-04-02,13.67,13.67,13.1936,13.4,67247.0
2024-04-03,13.4,13.6134,13.125,13.35,128119.0
2024-04-04,13.36,14.1562,13.075,13.17,120092.0
2024-04-05,13.21,13.4,12.57,12.62,197068.0
2024-04-08,12.67,13.135,12.34,12.58,168634.0
2024-04-09,12.8,12.8,11.87,12.01,382640.0
2024-04-10,12.01,12.31,11.44,11.98,270326.0
2024-04-11,12.01,12.06,11.46,11.97,219075.0
2024-04-12,11.95,12.24,11.52,11.65,86015.0
2024-04-15,11.73,12.09,11.37,11.53,60271.0
2024-04-16,11.52,12.015,11.43,11.61,34276.0
2024-04-17,11.64,11.68,11.22,11.35,42016.0
2024-04-18,11.22,11.575,11.005,11.15,66039.0
2024-04-19,11.15,11.34,10.92,11.34,84252.0
2024-04-22,11.37,11.715,11.22,11.34,106474.0
2024-04-23,11.31,11.87,10.79,11.55,211223.0
2024-04-24,11.05,11.21,10.19,10.19,220083.0
2024-04-25,10.2,10.215,9.34,9.57,730737.0
2024-04-26,9.5,10.51,9.11,9.19,666696.0
2024-04-29,9.19,9.964,8.76,9.53,731595.0
2024-04-30,10.1,10.98,9.68,9.72,214927.0
2024-05-01,10.0,10.245,9.56,9.8,141743.0
2024-05-02,10.11,10.15,9.5,10.0,312058.0
2024-05-03,10.1,10.69,10.0,10.43,834760.0
2024-05-06,10.49,10.67,10.08,10.66,136436.0
2024-05-07,10.63,10.84,10.3,10.34,270334.0
2024-05-08,10.17,10.17,9.6,9.81,130892.0
2024-05-09,9.85,9.9299,9.44,9.61,130244.0
2024-05-10,9.73,10.76,9.19,9.3,200675.0
2024-05-13,9.5,9.62,9.04,9.62,168022.0
2024-05-14,9.62,9.62,8.78,8.93,168150.0
2024-05-15,9.0,9.06,8.68,8.75,185378.0
2024-05-16,8.77,8.77,8.15,8.25,285782.0
2024-05-17,8.17,8.38,7.85,8.05,1660318.0
2024-05-20,8.0,8.49,8.0,8.25,500758.0
2024-05-21,8.38,8.79,7.81,7.86,629535.0
2024-05-22,7.84,8.19,7.7,7.9,161601.0
2024-05-23,7.91,7.94,7.45,7.83,298307.0
2024-05-24,7.82,7.82,7.56,7.6,166541.0
2024-05-28,7.56,8.04,7.24,7.7,196299.0
2024-05-29,7.65,8.02,7.51,8.02,128981.0
2024-05-30,7.9,7.9951,7.76,7.81,37153.0
2024-05-31,7.83,8.35,7.83,7.92,191005.0
2024-06-03,7.87,8.0512,7.65,7.75,124438.0
2024-06-04,7.75,7.89,7.46,7.89,77322.0
2024-06-05,7.42,7.66,7.38,7.58,71293.0
2024-06-06,7.6,7.65,7.41,7.45,59457.0
2024-06-07,7.5,7.5,7.27,7.35,69071.0
2024-06-10,7.34,7.69,7.26,7.69,43616.0
2024-06-11,7.49,7.5,7.26,7.31,61094.0
2024-06-12,7.28,8.04,7.28,7.87,180917.0
2024-06-13,7.84,8.5476,7.54,8.5476,95356.0
2024-06-14,8.1,8.1,7.6,7.62,119125.0
2024-06-17,7.59,7.59,7.271,7.32,91136.0
2024-06-18,7.28,7.4,6.59,6.72,267442.0
2024-06-20,6.57,6.74,6.38,6.56,132027.0
2024-06-21,6.59,6.82,6.45,6.73,112625.0
2024-06-24,6.78,6.99,6.6,6.84,84675.0
2024-06-25,7.14,7.332,6.85,6.91,298303.0
2024-06-26,6.84,7.165,6.61,6.98,210162.0
2024-06-27,7.09,7.4136,6.64,6.98,256401.0
2024-06-28,7.01,7.1,6.6,6.86,2588204.0
2024-07-01,6.98,7.0,6.58,6.97,330777.0
2024-07-02,7.07,7.07,6.6688,6.84,144690.0
2024-07-03,6.85,7.15,6.835,7.13,57046.0
2024-07-05,7.09,7.1594,6.76,6.89,152278.0
2024-07-08,6.94,7.3,6.885,7.18,160529.0
2024-07-09,7.12,7.55,7.0413,7.47,160627.0
2024-07-10,7.54,7.9799,7.42,7.83,359374.0
2024-07-11,7.83,8.28,7.75,7.79,302529.0
2024-07-12,7.84,8.12,7.53,7.92,180964.0
2024-07-15,7.99,9.2,7.95,8.8,334738.0
2024-07-16,8.95,9.448,8.53,9.09,265875.0
2024-07-17,9.63,12.0,6.9,8.27,1568087.0
2024-07-18,8.33,10.14,7.61,9.46,1008379.0
2024-07-19,9.51,10.17,8.0,8.3499,473186.0
2024-07-22,8.04,8.4627,7.25,7.75,354745.0
2024-07-23,7.9,8.05,7.5401,7.84,227918.0
2024-07-24,7.83,8.07,7.67,7.87,347457.0
2024-07-25,7.84,8.54,7.8075,8.1,291104.0
2024-07-26,8.09,8.69,7.81,8.1,254819.0
2024-07-29,8.17,8.22,7.4013,7.4013,176532.0
2024-07-30,7.56,7.63,7.1135,7.25,237265.0
2024-07-31,7.2,7.76,7.17,7.67,199016.0
2024-08-01,7.6,8.36,7.23,7.35,198172.0
2024-08-02,7.57,7.77,7.11,7.15,168243.0
2024-08-05,6.88,6.93,6.43,6.72,339925.0
2024-08-06,6.95,6.95,6.54,6.7,87877.0
2024-08-07,6.82,7.05,6.66,6.75,123500.0
2024-08-08,6.85,7.13,6.75,6.92,270878.0
2024-08-09,6.92,7.04,6.55,6.56,81786.0
2024-08-12,6.79,6.79,6.39,6.62,107836.0
2024-08-13,6.66,7.02,6.55,6.8,128428.0
2024-08-14,6.7,6.99,6.39,6.71,160473.0
2024-08-15,6.53,6.7152,6.51,6.53,96299.0
2024-08-16,6.6,7.01,6.43,7.01,169910.0
2024-08-19,6.8,7.34,6.77,7.25,227860.0
2024-08-20,7.5,7.5,6.9,6.91,185340.0
2024-08-21,6.95,7.26,6.82,7.1,340186.0
2024-08-22,7.21,7.21,6.81,7.05,89648.0
2024-08-23,7.1,7.37,7.01,7.32,94684.0
2024-08-26,7.37,7.58,7.16,7.47,188031.0
2024-08-27,7.45,7.45,7.08,7.24,59426.0
2024-08-28,7.23,7.28,6.58,6.58,219391.0
2024-08-29,6.91,7.09,6.84,6.88,128403.0
2024-08-30,6.89,6.99,6.7,6.73,64264.0
2024-09-03,7.14,7.2,6.73,6.76,73625.0
2024-09-04,6.73,6.985,6.64,6.77,104232.0
2024-09-05,6.86,7.0,6.66,6.82,83911.0
2024-09-06,6.81,6.83,6.54,6.76,74659.0
2024-09-09,6.78,7.07,6.77,6.96,94509.0
2024-09-10,7.0709,7.2,6.9,7.18,65824.0
2024-09-11,7.14,7.18,6.9,7.03,80767.0
2024-09-12,6.51,7.22,6.51,7.05,111542.0
2024-09-13,7.11,7.5934,6.6918,7.5934,78154.0
2024-09-16,7.29,7.49,7.1575,7.21,148416.0
2024-09-17,7.43,7.67,7.135,7.3,147911.0
2024-09-18,7.3,7.424,6.97,7.33,298978.0
2024-09-19,7.12,7.66,7.12,7.4,189634.0
2024-09-20,7.5,7.6889,7.38,7.49,227608.0
2024-09-23,7.48,7.48,6.88,6.88,133358.0
2024-09-24,6.91,7.11,6.865,7.0,250548.0
2024-09-25,6.95,7.03,6.57,6.59,112098.0
2024-09-26,6.9,6.9,6.52,6.61,98013.0
2024-09-27,6.73,7.08,6.66,6.94,86275.0
2024-09-30,6.9,7.11,6.9,7.02,56570.0
2024-10-01,6.95,6.985,6.54,6.59,176425.0
2024-10-02,6.62,7.025,6.53,6.82,969434.0
2024-10-03,6.79,7.49,6.71,7.28,155755.0
2024-10-04,7.41,7.7,7.19,7.53,312166.0
2024-10-07,7.57,8.14,7.31,7.31,280178.0
2024-10-08,7.41,7.905,7.41,7.61,95297.0
2024-10-09,7.6,7.8641,7.32,7.52,173872.0
2024-10-10,7.42,7.47,7.2,7.44,104689.0
2024-10-11,7.44,7.67,7.4,7.65,95374.0
2024-10-14,7.65,7.85,7.44,7.73,125166.0
2024-10-15,7.73,7.86,7.56,7.69,118893.0
2024-10-16,7.85,8.21,7.77,8.1,182138.0
2024-10-17,8.19,8.3,7.93,8.08,158375.0
2024-10-18,8.08,8.56,8.02,8.3,129616.0
2024-10-21,8.48,8.53,8.18,8.26,178926.0
2024-10-22,8.28,8.33,8.08,8.14,148516.0
2024-10-23,8.02,8.27,7.9,8.12,110597.0
2024-10-24,8.17,8.27,8.03,8.08,67271.0
2024-10-25,8.48,8.48,7.9,7.98,72486.0
2024-10-28,8.02,8.2,7.86,7.92,173656.0
2024-10-29,8.09,8.09,7.62,7.76,134657.0
2024-10-30,7.75,8.07,7.7107,7.88,157251.0
2024-10-31,7.88,7.9,7.29,7.295,107633.0
2024-11-01,7.37,7.505,7.17,7.41,138664.0
2024-11-04,7.4,7.73,7.295,7.54,84503.0
2024-11-05,7.53,7.7672,7.26,7.72,72479.0
2024-11-06,7.79,8.08,7.76,7.94,125534.0
2024-11-07,7.98,8.12,7.87,7.9,70495.0
2024-11-08,7.91,8.06,7.83,8.0,83312.0
2024-11-11,8.0,8.18,7.75,7.76,113355.0
2024-11-12,8.0,8.0,7.59,7.89,152392.0
2024-11-13,7.9,8.05,7.53,7.56,89132.0
2024-11-14,7.55,7.64,7.225,7.25,163088.0
2024-11-15,7.29,8.07,6.81,7.61,183704.0
2024-11-18,7.5,8.1,6.85,7.03,335969.0
2024-11-19,7.4,7.4,6.14,6.56,526690.0
2024-11-20,6.26,6.34,6.0,6.17,157504.0
2024-11-21,6.11,6.16,5.7,5.956,798134.0
2024-11-22,5.75,6.19,5.69,6.19,362854.0
2024-11-25,6.0713,6.33,6.0713,6.24,155570.0
2024-11-26,6.13,6.2,5.98,6.1601,97925.0
2024-11-27,6.15,6.455,6.15,6.45,245109.0
2024-11-29,6.46,6.88,6.46,6.73,160389.0
2024-12-02,6.75,6.98,6.665,6.88,170612.0
2024-12-03,7.0995,7.0995,6.24,6.34,157170.0
2024-12-04,6.4,6.45,5.93,6.0,195761.0
2024-12-05,6.29,6.9,5.63,5.75,179170.0
2024-12-06,5.7,6.05,5.7,5.72,101276.0
2024-12-09,5.9,6.12,5.82,5.85,82276.0
2024-12-10,5.76,5.9,5.65,5.89,158805.0
2024-12-11,5.92,6.07,5.72,5.93,174347.0
2024-12-12,5.93,5.95,5.67,5.72,120117.0
2024-12-13,5.72,5.72,5.36,5.37,258746.0
2024-12-16,5.37,5.48,5.21,5.26,172441.0
2024-12-17,5.23,5.33,4.97,5.33,260751.0
2024-12-18,5.27,5.3297,4.76,5.05,185822.0
2024-12-19,4.85,4.85,4.66,4.7,113515.0
2024-12-20,4.7,4.8897,4.61,4.74,219895.0
2024-12-23,4.69,4.826,4.59,4.77,145734.0
2024-12-24,4.75,4.99,4.5985,4.99,41518.0
2024-12-26,4.74,5.2701,4.59,5.2701,268144.0
2024-12-27,5.04,5.15,4.78,4.8,226155.0
2024-12-30,4.71,4.7777,4.58,4.6203,114324.0
2024-12-31,4.67,4.7371,4.42,4.67,196667.0
2025-01-02,4.75,5.05,4.75,4.8,138314.0
2025-01-03,4.82,5.07,4.82,5.01,119527.0
2025-01-06,4.98,5.1098,4.77,5.02,142749.0
2025-01-07,4.91,5.06,4.6,4.84,64960.0
2025-01-08,4.84,4.84,4.445,4.52,169357.0
2025-01-10,4.47,4.51,4.23,4.27,174871.0
2025-01-13,4.27,4.27,4.01,4.2,159002.0
2025-01-14,4.22,4.46,4.01,4.44,279773.0
2025-01-15,4.34,4.78,4.31,4.75,214341.0
2025-01-16,4.88,4.88,4.2015,4.29,133557.0
2025-01-17,4.33,4.38,4.22,4.33,85591.0
2025-01-21,4.33,4.48,4.3,4.4,150689.0
2025-01-22,4.6,4.6,4.39,4.47,50115.0
2025-01-23,4.41,4.52,4.3449,4.51,43495.0
2025-01-24,4.49,4.57,4.37,4.49,53670.0
2025-01-27,4.5,4.84,4.37,4.78,307379.0
2025-01-28,4.8,4.8245,4.3017,4.4732,113833.0
2025-01-29,4.35,4.51,4.35,4.36,42984.0
2025-01-30,4.41,4.58,4.36,4.41,98699.0
2025-01-31,4.41,4.53,4.2,4.43,116737.0
2025-02-03,4.22,4.35,4.01,4.26,104886.0
2025-02-04,4.24,4.54,4.24,4.41,50486.0
2025-02-05,4.5,4.638,4.4505,4.52,46498.0
2025-02-06,4.54,4.6,4.31,4.32,60907.0
2025-02-07,4.37,4.54,4.28,4.31,101090.0
2025-02-10,4.42,4.93,4.32,4.44,208137.0
2025-02-11,4.33,4.335,4.0,4.03,345632.0
2025-02-12,4.0,4.13,3.845,4.09,91495.0
2025-02-13,4.12,4.33,4.0401,4.29,102601.0
2025-02-14,4.31,4.48,4.23,4.46,61064.0
2025-02-18,4.68,4.68,4.11,4.13,116614.0
2025-02-19,4.18,4.2,3.97,4.0,104657.0
2025-02-20,3.98,4.09,3.95,3.98,76503.0
2025-02-21,4.06,4.075,3.92,3.94,130596.0
2025-02-24,4.03,4.09,3.7506,4.02,115901.0
2025-02-25,4.09,4.54,3.9361,4.2,334751.0
2025-02-26,4.56,4.56,3.52,4.19,608627.0
2025-02-27,4.04,4.76,4.01,4.4,291340.0
2025-02-28,4.36,5.0,4.08,4.9,211165.0
