Date,Open,High,Low,Close,Volume
2019-08-12,11.6604,11.8387,11.5875,11.8144,42659
2019-08-13,11.7577,12.2438,11.7577,11.9926,79956
2019-08-14,11.7252,11.7252,11.393,11.4578,74837
2019-08-15,11.4822,11.5389,11.2634,11.3606,61507
2019-08-16,11.4659,11.7577,11.4659,11.6685,55493
2019-08-19,11.8711,11.9704,11.6847,11.9116,95447
2019-08-20,11.863,11.8954,11.6564,11.709,65404
2019-08-21,11.8873,12.017,11.709,11.8873,80388
2019-08-22,11.9278,11.944,11.6766,11.7658,55717
2019-08-23,11.6847,11.7252,11.2066,11.3768,131331
2019-08-26,11.4984,11.6037,11.4173,11.5632,48264
2019-08-27,11.7171,11.7171,11.2877,11.393,81486
2019-08-28,11.393,11.6685,11.393,11.5389,36834
2019-08-29,11.7333,11.8508,11.6199,11.6361,41894
2019-08-30,11.7171,11.786,11.393,11.5794,83362
2019-09-03,11.4659,11.6078,11.4173,11.4497,68127
2019-09-04,11.6118,11.6847,11.5713,11.628,42526
2019-09-05,11.8144,12.1466,11.7171,11.8549,99832
2019-09-06,11.8549,12.0251,11.8063,11.8711,41863
2019-09-09,11.9359,12.3411,11.9116,12.2763,54391
2019-09-10,12.2601,12.6814,12.2601,12.6166,76900
2019-09-11,12.7381,13.0623,12.7138,13.038,85689
2019-09-12,12.9974,13.0866,12.6976,12.9893,86581
2019-09-13,13.1433,13.3297,13.0785,13.1838,93962
2019-09-16,13.1109,13.2324,12.9529,13.1109,42829
2019-09-17,13.0299,13.2243,13.0136,13.0542,50936
2019-09-18,13.0299,13.1676,13.0299,13.1028,51239
2019-09-19,13.1352,13.2648,12.9407,12.9569,92148
2019-09-20,12.9812,13.038,12.7868,12.8678,174083
2019-09-23,12.7381,12.9772,12.7381,12.8111,64004
2019-09-24,12.7787,13.0096,12.6652,12.7543,65414
2019-09-25,12.7787,13.0055,12.7381,12.9326,64409
2019-09-26,12.9083,12.9812,12.803,12.884,66088
2019-09-27,12.965,12.9913,12.7949,12.8111,110578
2019-09-30,12.8192,13.1028,12.6814,12.9164,73527
2019-10-01,12.9974,13.0772,12.568,12.7057,92042
2019-10-02,12.5437,12.6368,12.4383,12.5275,77688
2019-10-03,12.4464,12.5437,12.2682,12.5437,63908
2019-10-04,12.5113,12.6409,12.4626,12.6085,46351
2019-10-07,12.5031,12.6571,12.4383,12.4869,52921
2019-10-08,12.3087,12.3087,12.0494,12.1304,115264
2019-10-09,12.3006,12.3087,12.0332,12.1466,84970
2019-10-10,12.2438,12.5031,12.0899,12.2925,122059
2019-10-11,12.5356,13.1028,12.3411,12.7706,666815
2019-10-14,12.7706,12.9245,12.6166,12.803,71328
2019-10-15,12.7787,12.9893,12.7706,12.9164,87316
2019-10-16,12.8516,13.1595,12.7381,12.7868,181420
2019-10-17,12.8435,12.965,12.8158,12.8435,104451
2019-10-18,12.7381,12.9812,12.7381,12.8921,116907
2019-10-21,13.0704,13.1514,12.9245,12.965,104067
2019-10-22,12.9245,12.9407,12.7787,12.9245,77259
2019-10-23,12.9083,13.042,12.9002,12.9569,88139
2019-10-24,12.9974,13.0299,12.8516,12.9407,65587
2019-10-25,12.9245,13.1433,12.9245,13.0461,87991
2019-10-28,13.1352,13.2081,13.0136,13.1676,85724
2019-10-29,13.0866,13.3621,13.0704,13.2243,95932
2019-10-30,13.1757,13.3621,13.1595,13.2892,48677
2019-10-31,13.3702,13.3783,13.1838,13.3459,187241
2019-11-01,13.3702,13.4836,13.1717,13.2648,98929
2019-11-04,13.3216,13.3297,13.1757,13.2648,78180
2019-11-05,13.2892,13.4188,13.2081,13.2648,110813
2019-11-06,13.2892,13.354,13.1838,13.3378,74100
2019-11-07,13.4431,13.6943,13.3702,13.5485,124235
2019-11-08,13.4107,13.6457,13.4107,13.4755,67540
2019-11-11,13.354,13.516,13.3165,13.435,64851
2019-11-12,13.4269,13.5647,13.4188,13.4998,67951
2019-11-13,13.3702,13.3702,13.1838,13.2486,64010
2019-11-14,13.1838,13.3378,13.1271,13.1514,58366
2019-11-15,13.2729,13.2729,13.0217,13.0947,42957
2019-11-18,12.6814,12.6895,12.1061,12.5842,122554
2019-11-19,12.5923,12.6328,12.4383,12.5275,56452
2019-11-20,12.5113,12.7462,12.4788,12.5194,126999
2019-11-21,12.5356,12.5437,12.3249,12.333,54781
2019-11-22,12.4221,12.5761,12.3411,12.3816,55305
2019-11-25,12.4626,12.6571,12.4302,12.5356,111511
2019-11-26,12.495,12.6652,12.3944,12.5437,200630
2019-11-27,12.6166,12.7543,12.5275,12.7057,95212
2019-11-29,12.6247,12.9002,12.5599,12.8516,75510
2019-12-02,12.8759,12.9407,12.7138,12.7543,93127
2019-12-03,12.6571,12.6733,12.5215,12.5923,89171
2019-12-04,12.7381,12.8678,12.5437,12.5599,54158
2019-12-05,12.6004,12.7057,12.5113,12.649,40423
2019-12-06,12.8192,12.9569,12.6571,12.6652,89068
2019-12-09,12.6652,12.803,12.5842,12.6733,52314
2019-12-10,12.6328,12.7624,12.568,12.6328,59298
2019-12-11,12.6814,12.8597,12.6247,12.7543,60214
2019-12-12,12.7949,13.1433,12.7949,12.9731,84081
2019-12-13,12.9569,13.1028,12.8192,12.965,74506
2019-12-16,13.1757,13.2648,13.1068,13.2,111350
2019-12-17,13.2,13.281,13.0542,13.0947,102786
2019-12-18,13.281,13.4917,13.1514,13.4836,151414
2019-12-19,13.5566,13.8159,13.3783,13.7834,140453
2019-12-20,13.8078,13.8969,13.7429,13.7915,412938
2019-12-23,13.7915,13.8564,13.6903,13.7672,87395
2019-12-24,13.751,13.8969,13.7429,13.8321,71240
2019-12-26,13.8564,13.8564,13.67,13.7997,61723
2019-12-27,13.7834,13.8564,13.7105,13.7834,70249
2019-12-30,13.7997,13.9374,13.6295,13.9212,395134
2019-12-31,13.8969,13.9779,13.7997,13.9212,81171
2020-01-02,13.986,13.986,13.5647,13.6457,72492
2020-01-03,13.4755,13.5403,13.3702,13.5079,70770
2020-01-06,13.4998,13.5322,13.4107,13.4998,84423
2020-01-07,13.4188,13.5403,13.3378,13.3864,33554
2020-01-08,13.3297,13.354,11.6766,13.2648,159564
2020-01-09,13.2973,13.3783,13.1109,13.2486,208751
2020-01-10,13.2,13.3054,13.0055,13.0947,85692
2020-01-13,13.0704,13.4431,13.0542,13.4107,35025
2020-01-14,13.354,13.5647,13.354,13.4512,39647
2020-01-15,13.4269,13.5728,13.3378,13.4188,52292
2020-01-16,13.516,13.5728,13.4026,13.4917,54326
2020-01-17,13.5728,13.5728,13.4188,13.5241,48500
2020-01-21,13.4107,13.4836,13.1919,13.2081,52777
2020-01-22,13.2486,13.2486,13.0055,13.0461,36722
2020-01-23,13.0299,13.1514,12.8273,13.0866,69372
2020-01-24,13.1514,13.1514,12.8921,12.9812,58536
2020-01-27,12.7868,12.9164,12.6895,12.8516,50173
2020-01-28,12.9488,12.9488,12.6247,12.7706,63998
2020-01-29,12.8111,12.8759,12.5275,12.5842,94337
2020-01-30,12.4545,12.6004,12.3006,12.5923,52033
2020-01-31,12.4869,12.4869,12.2438,12.4059,119968
2020-02-03,12.4788,12.8921,12.4788,12.8678,117356
2020-02-04,12.884,13.1595,12.884,13.1271,38797
2020-02-05,13.2648,13.354,13.0217,13.3297,69743
2020-02-06,13.3702,13.3702,13.1838,13.3135,47960
2020-02-07,13.2486,13.2486,13.0299,13.1433,50008
2020-02-10,13.0704,13.119,12.8759,12.9245,64865
2020-02-11,12.6733,12.8354,12.3573,12.5437,85846
2020-02-12,12.6976,12.6976,12.3735,12.3735,74762
2020-02-13,12.3492,12.3654,12.179,12.2276,81124
2020-02-14,12.252,12.414,12.252,12.3168,128498
2020-02-18,12.333,12.3816,12.2601,12.3168,58100
2020-02-19,12.3978,12.4545,12.2438,12.2925,71021
2020-02-20,12.3411,12.6409,12.2398,12.2925,176087
2020-02-21,12.333,12.5275,12.2844,12.3492,181612
2020-02-24,12.0413,12.0987,11.7333,11.782,163308
2020-02-25,11.782,11.782,10.9554,11.1661,182652
2020-02-26,11.2796,11.4416,11.0851,11.312,154815
2020-02-27,11.1013,11.1904,10.5584,10.5665,121101
2020-02-28,10.1938,10.7529,10.1938,10.7529,153792
2020-03-02,10.7691,10.923,10.1451,10.4855,125053
2020-03-03,10.4693,10.4693,9.8534,9.9426,72802
2020-03-04,10.056,10.056,9.6752,9.9669,82708
2020-03-05,9.8291,9.8291,9.3267,9.4402,116935
2020-03-06,9.1079,9.4564,9.0188,9.3753,125532
2020-03-09,8.8486,8.8486,8.014,8.0221,83340
2020-03-10,8.2409,8.2814,7.3414,8.0221,252818
2020-03-11,7.8033,8.0788,7.6494,7.9897,194255
2020-03-12,7.5683,7.6332,7.0578,7.0902,168206
2020-03-13,7.7385,7.8844,7.1956,7.8033,210830
2020-03-16,6.9687,8.1031,6.8877,7.6494,242060
2020-03-17,7.7871,8.095,7.5845,8.0626,253020
2020-03-18,7.5521,7.7385,7.228,7.382,236322
2020-03-19,7.4225,8.6947,7.4144,8.4273,269565
2020-03-20,8.5326,8.8162,7.5238,7.6332,276149
2020-03-23,7.7871,8.0707,7.2199,7.7385,192814
2020-03-24,7.9897,8.8324,7.9249,8.8081,155515
2020-03-25,8.6461,9.189,8.1761,8.9135,296295
2020-03-26,8.9621,9.6833,8.9054,9.5536,219107
2020-03-27,9.2295,9.2781,8.5083,8.719,149134
2020-03-30,8.6947,8.8486,8.3389,8.6298,235908
2020-03-31,8.6298,8.9702,8.4273,8.8324,223346
2020-04-01,8.4273,8.8,8.2652,8.6542,184158
2020-04-02,8.5731,9.0431,8.5245,8.8081,177839
2020-04-03,8.6704,8.9297,8.1112,8.2328,128147
2020-04-06,8.6461,9.035,8.3462,8.954,167721
2020-04-07,9.1809,9.6954,8.6623,8.7109,285379
2020-04-08,8.9378,9.2659,8.7757,8.9135,375530
2020-04-09,8.9135,9.5374,8.9135,9.3186,260682
2020-04-13,9.1809,9.4321,8.8,9.0917,130820
2020-04-14,9.351,9.4159,8.9945,9.1566,290827
2020-04-15,8.7676,8.954,8.1193,8.1356,90725
2020-04-16,8.1356,8.1356,7.2766,7.4711,368826
2020-04-17,7.6089,8.3057,7.6089,8.2571,195617
2020-04-20,8.0788,8.1923,7.9249,8.0869,286465
2020-04-21,7.8033,8.0302,7.6818,7.8682,101647
2020-04-22,8.0302,8.095,7.8682,7.8844,199753
2020-04-23,7.933,8.249,7.8203,8.2247,150198
2020-04-24,8.2166,8.7271,8.2085,8.6785,132251
2020-04-27,8.6947,9.0593,8.6947,8.9702,112259
2020-04-28,9.2619,9.3753,8.881,9.0188,126476
2020-04-29,9.2862,9.9182,9.1728,9.7724,209301
2020-04-30,9.4807,9.6265,9.2376,9.4969,123813
2020-05-01,9.2052,9.3267,8.7919,8.9864,180189
2020-05-04,9.0026,9.1241,8.7919,8.9783,95764
2020-05-05,9.8777,10.0803,8.9297,8.9864,184372
2020-05-06,8.8405,9.1079,8.6866,8.881,170183
2020-05-07,9.1079,9.1566,8.7433,8.9054,201963
2020-05-08,9.1322,9.4807,8.9135,9.3834,202131
2020-05-11,9.1322,9.1687,8.8081,9.035,147015
2020-05-12,9.0188,9.0431,8.5407,8.5731,105980
2020-05-13,8.5731,8.5731,8.1356,8.3868,162212
2020-05-14,8.0788,8.5569,7.7871,8.5326,142094
2020-05-15,8.5893,8.8405,8.4759,8.7838,150927
2020-05-18,9.2133,9.27,9.0512,9.1484,256922
2020-05-19,9.0188,9.2214,8.9135,8.9459,138111
2020-05-20,9.1809,9.5617,9.1403,9.4969,152065
2020-05-21,9.4077,9.5698,9.3267,9.4645,126414
2020-05-22,9.4726,9.5941,9.2295,9.4483,44133
2020-05-26,9.8453,10.0094,9.6833,9.8372,119348
2020-05-27,9.9182,10.3801,9.9182,10.2667,133210
2020-05-28,10.1694,10.2991,9.9426,10.0074,120356
2020-05-29,9.8534,10.2748,9.7562,10.1694,218118
2020-06-01,10.2343,10.3558,10.1249,10.2019,189620
2020-06-02,10.2424,10.6394,10.2424,10.5665,172180
2020-06-03,10.8339,10.9595,10.7691,10.8339,200917
2020-06-04,10.6475,10.7853,10.526,10.7448,158554
2020-06-05,11.1742,11.8387,11.0851,11.6361,347533
2020-06-08,11.8063,11.944,11.5389,11.944,310217
2020-06-09,11.6766,11.7901,11.312,11.4659,98917
2020-06-10,11.3363,11.4254,10.8744,10.9311,99447
2020-06-11,10.4287,10.7043,9.8291,9.9669,163349
2020-06-12,10.4693,10.4693,9.975,10.4449,231715
2020-06-15,10.0236,10.5989,10.0236,10.526,96366
2020-06-16,10.9879,10.9879,10.3315,10.5503,114925
2020-06-17,10.5422,10.5422,10.1775,10.21,57258
2020-06-18,10.0074,10.4693,10.0074,10.2586,109924
2020-06-19,10.5341,11.0041,10.2505,10.5341,244212
2020-06-22,10.6151,10.6151,10.2829,10.3963,132971
2020-06-23,10.5827,10.5908,10.4449,10.4855,82862
2020-06-24,10.3153,10.3153,10.0074,10.1127,91270
2020-06-25,10.0317,10.5017,10.0317,10.4531,234738
2020-06-26,10.3558,10.5422,10.056,10.2424,330830
2020-06-29,10.4449,10.7367,10.3315,10.688,145099
2020-06-30,10.6151,10.7853,10.5503,10.7286,188639
2020-07-01,10.7691,10.8015,10.4287,10.5746,99355
2020-07-02,10.842,11.0041,10.7205,10.7691,82939
2020-07-06,11.0203,11.0608,10.7853,10.8825,69637
2020-07-07,10.7448,10.8501,10.5098,10.5989,74480
2020-07-08,10.5422,10.6799,10.3153,10.4449,124866
2020-07-09,10.4125,10.4125,9.975,10.2181,116548
2020-07-10,10.1208,10.4531,10.1208,10.4368,135323
2020-07-13,10.5989,10.8501,10.3882,10.4368,267223
2020-07-14,10.4855,10.7245,10.372,10.5341,160523
2020-07-15,10.9473,11.0203,10.6475,10.7043,572237
2020-07-16,10.7367,11.1175,10.5422,11.0284,179663
2020-07-17,11.0122,11.2553,10.9311,11.0851,118846
2020-07-20,10.9879,11.0498,10.688,10.8096,104238
2020-07-21,10.9068,11.1742,10.9068,11.0527,94899
2020-07-22,10.9311,11.0284,10.8299,11.0122,75663
2020-07-23,11.0284,11.2958,10.8825,11.0284,138510
2020-07-24,11.0608,11.0608,10.8096,10.9392,84677
2020-07-27,10.8906,11.0932,10.8906,11.0608,44980
2020-07-28,10.9879,11.0246,10.6475,10.6718,69632
2020-07-29,10.6475,10.8258,10.3801,10.8258,97395
2020-07-30,10.7367,10.9068,10.0641,10.1856,245191
2020-07-31,9.9993,10.2181,9.6103,9.9426,170413
2020-08-03,10.0722,10.1046,9.8939,9.902,135487
2020-08-04,9.8534,9.9426,9.7805,9.8615,451321
2020-08-05,10.0236,10.1127,9.9669,10.0398,248540
2020-08-06,10.0398,10.1046,9.8939,9.9831,95553
2020-08-07,9.9182,9.9669,9.8453,9.9101,304389
2020-08-10,9.9993,10.3072,9.9345,10.2424,628787
2020-08-11,10.4125,10.8744,10.4125,10.5098,393841
2020-08-12,10.6313,10.6313,10.333,10.3396,200708
2020-08-13,10.2262,10.291,10.1208,10.1289,156188
2020-08-14,10.0155,10.137,9.8696,9.8858,207976
2020-08-17,9.8858,10.2019,9.8696,10.1694,242930
2020-08-18,10.0803,10.2019,9.9426,9.9912,91942
2020-08-19,10.0479,10.0722,9.8534,9.8777,79748
2020-08-20,9.7481,9.821,9.6427,9.7238,80834
2020-08-21,9.6752,9.7157,9.586,9.6427,155022
2020-08-24,9.6833,9.9507,9.6508,9.9182,86352
2020-08-25,9.9912,9.9912,9.6833,9.74,102622
2020-08-26,9.6995,9.7076,9.5374,9.5779,91379
2020-08-27,9.6265,9.7278,9.586,9.6184,87717
2020-08-28,9.7157,9.7157,9.5212,9.6184,107104
2020-08-31,9.5617,9.7076,9.4077,9.4402,208018
2020-09-01,9.3672,9.7197,9.3672,9.4726,711930
2020-09-02,9.424,10.137,9.424,10.0722,523081
2020-09-03,10.0236,10.0378,9.3429,9.4888,156746
2020-09-04,9.5779,9.6508,9.4402,9.5536,468981
2020-09-08,9.4402,9.4726,9.2538,9.27,108837
2020-09-09,9.3429,9.4888,9.2214,9.2214,148230
2020-09-10,9.27,9.27,9.0431,9.1484,171928
2020-09-11,9.189,9.3996,9.0755,9.3186,206088
2020-09-14,9.4077,9.5455,9.3591,9.4726,283936
2020-09-15,9.5374,9.5374,9.3267,9.3348,158728
2020-09-16,9.3591,9.4766,9.3267,9.3429,144105
2020-09-17,9.27,9.5617,9.2295,9.4321,374739
2020-09-18,9.5212,9.5212,9.27,9.4888,2030453
2020-09-21,9.3186,9.3186,8.5569,8.6866,317952
2020-09-22,8.6542,8.6866,8.2004,8.3786,241289
2020-09-23,8.3381,8.5164,8.1842,8.2085,197963
2020-09-24,8.2409,8.3057,8.1112,8.1599,121795
2020-09-25,8.1437,8.2733,8.0869,8.2328,148328
2020-09-28,8.3381,8.5002,8.2328,8.2409,241316
2020-09-29,8.1761,8.3138,8.1437,8.2976,118928
2020-09-30,8.2895,8.5407,8.2814,8.3138,222249
2020-10-01,8.2976,8.7514,8.0707,8.2004,417501
2020-10-02,7.9654,8.484,7.9249,8.4192,108632
2020-10-05,8.4516,8.7433,8.4516,8.6866,93071
2020-10-06,8.8,9.0107,8.6744,8.7271,154475
2020-10-07,8.8324,8.9135,8.6623,8.8405,282844
2020-10-08,8.7595,8.8081,8.4354,8.7838,201101
2020-10-09,8.8729,9.0836,8.8,9.0512,108243
2020-10-12,9.0593,9.1079,8.9783,9.035,59775
2020-10-13,8.9054,9.0512,8.7676,8.8,43093
2020-10-14,8.7757,9.0188,8.7757,8.9621,81567
2020-10-15,8.8324,9.8453,8.796,9.1322,56714
2020-10-16,10.0236,10.4449,10.0236,10.4044,524372
2020-10-19,10.4936,10.7529,10.1451,10.1694,452970
2020-10-20,10.2505,10.3072,10.0641,10.2505,408468
2020-10-21,10.2829,10.3558,10.0722,10.1289,255167
2020-10-22,10.1127,10.2262,10.0074,10.1613,265405
2020-10-23,10.2748,10.3153,10.1289,10.2019,128926
2020-10-26,10.0479,10.137,9.9669,10.0965,91759
2020-10-27,10.0641,10.0641,9.7076,9.8939,117688
2020-10-28,9.6508,9.74,9.4685,9.4888,331150
2020-10-29,9.3915,9.8615,9.3672,9.8291,130067
2020-10-30,9.3105,9.4969,8.9945,9.3672,540271
2020-11-02,9.5212,9.667,9.3105,9.4969,181772
2020-11-03,9.4888,9.9912,9.3753,9.8777,257191
2020-11-04,9.667,9.6914,9.2133,9.3105,160161
2020-11-05,9.3753,9.8332,9.3753,9.7967,125830
2020-11-06,9.9182,9.9182,9.6103,9.7724,148137
2020-11-09,10.6637,10.9392,10.1856,10.2181,290931
2020-11-10,10.3639,10.8258,10.2545,10.3801,394153
2020-11-11,10.3639,10.5422,10.1694,10.4287,354231
2020-11-12,10.3072,10.4287,9.8939,10.0155,109908
2020-11-13,10.1127,10.3315,10.0155,10.2748,236293
2020-11-16,10.5503,10.7205,10.4774,10.5746,255112
2020-11-17,10.526,10.8177,10.3234,10.6718,288033
2020-11-18,10.7205,10.8663,10.526,10.5341,152431
2020-11-19,10.5017,10.5017,9.9831,10.137,117027
2020-11-20,9.9993,10.0236,9.8372,9.9588,131290
2020-11-23,10.0965,10.5868,10.0965,10.4774,188446
2020-11-24,10.6313,10.923,10.526,10.9068,251141
2020-11-25,10.8258,10.9311,10.607,10.8096,111320
2020-11-27,10.7934,10.8177,10.6556,10.7367,42203
2020-11-30,10.7367,10.7594,10.3153,10.3639,126126
2020-12-01,10.5098,10.6151,10.3234,10.5908,241393
2020-12-02,10.607,10.6475,10.5017,10.5746,97667
2020-12-03,10.6232,10.6637,10.4612,10.5908,151399
2020-12-04,10.6718,11.1094,10.6437,11.0446,125659
2020-12-07,11.0446,11.0932,10.7934,11.0689,98046
2020-12-08,10.9392,11.231,10.9392,11.2147,271352
2020-12-09,11.3282,11.474,11.1256,11.2634,158403
2020-12-10,11.1985,11.2958,11.1418,11.2796,121706
2020-12-11,11.1337,11.2391,11.1175,11.1742,133107
2020-12-14,11.4173,12.3168,11.1823,11.2553,173057
2020-12-15,13.7753,13.7753,10.842,11.3444,599119
2020-12-16,11.4659,11.709,11.1256,11.709,245046
2020-12-17,11.5551,11.863,11.3282,11.8468,512289
2020-12-18,10.7367,10.923,10.3842,10.607,819964
2020-12-21,10.2586,10.9068,10.2221,10.8906,456901
2020-12-22,10.8501,11.1742,10.6232,11.0851,243476
2020-12-23,11.1499,11.2715,11.0851,11.2472,229023
2020-12-24,11.3525,11.4011,11.2026,11.3282,67628
2020-12-28,11.4254,11.8711,11.2634,11.7901,294940
2020-12-29,11.8225,12.0413,11.2958,11.4173,421901
2020-12-30,11.4497,11.6928,11.3606,11.6766,480310
2020-12-31,11.6847,11.9602,11.4984,11.5551,197349
2021-01-04,11.6928,11.7171,11.1459,11.2877,253418
2021-01-05,11.2472,11.7739,11.2472,11.6442,296240
2021-01-06,11.9359,12.5031,11.9359,12.3816,224744
2021-01-07,12.5031,12.5599,12.2682,12.5356,218555
2021-01-08,12.3087,12.3492,11.7577,12.3006,472696
2021-01-11,12.0899,12.4302,12.0899,12.4059,109852
2021-01-12,12.3492,12.884,12.3492,12.8678,166790
2021-01-13,12.8435,12.8435,12.414,12.4383,161814
2021-01-14,12.6085,12.7543,12.5194,12.6652,102461
2021-01-15,12.3978,12.6085,12.333,12.4869,134887
2021-01-19,12.6247,12.6328,12.4788,12.5031,114827
2021-01-20,12.5518,12.5923,12.1952,12.2357,128134
2021-01-21,12.2357,12.2438,11.9926,12.1385,136347
2021-01-22,11.9521,12.333,11.9521,12.2844,144330
2021-01-25,12.1628,12.1709,11.6442,12.0008,117539
2021-01-26,12.1142,12.1142,11.8387,11.863,77248
2021-01-27,11.5713,11.5875,11.1904,11.393,251913
2021-01-28,11.4254,11.782,11.3444,11.5875,220104
2021-01-29,11.6523,11.6685,11.1499,11.1661,188455
2021-02-01,11.2229,11.628,11.1904,11.5227,86788
2021-02-02,11.6766,11.8954,11.6361,11.8387,87459
2021-02-03,11.7577,11.7901,11.6159,11.7577,136409
2021-02-04,11.7901,12.179,11.7577,12.1628,158289
2021-02-05,12.2925,12.4059,12.1466,12.2357,120982
2021-02-08,12.3411,12.5923,12.2844,12.5923,135418
2021-02-09,12.5599,12.8516,12.5194,12.8516,100422
2021-02-10,12.965,12.965,12.649,12.7138,191136
2021-02-11,12.7462,12.8921,12.5599,12.7868,78768
2021-02-12,12.7868,12.965,12.73,12.8678,83128
2021-02-16,12.884,12.965,12.7624,12.8435,118573
2021-02-17,12.6976,13.0461,12.6409,12.8759,86517
2021-02-18,12.7949,12.8435,12.4545,12.568,80023
2021-02-19,12.4545,12.8354,12.333,12.8111,92637
2021-02-22,12.6976,13.1919,12.3492,13.1352,88448
2021-02-23,13.0785,13.1838,12.7624,12.8921,87699
2021-02-24,13.0136,13.3459,12.7706,13.2,130918
2021-02-25,13.0623,13.2486,12.6895,12.7057,98640
2021-02-26,12.7706,12.8192,12.4302,12.4464,207521
2021-03-01,13.4512,13.6376,13.1028,13.4431,199365
2021-03-02,13.5322,13.7672,13.5079,13.516,209991
2021-03-03,13.5241,13.8969,13.4755,13.6214,124557
2021-03-04,13.6214,13.6214,13.0217,13.2,204944
2021-03-05,13.4755,14.0752,13.2892,14.0346,151075
2021-03-08,14.1643,14.4074,13.9212,14.2939,163892
2021-03-09,15.7849,15.7849,14.0184,14.059,169714
2021-03-10,13.7753,14.9017,13.7753,14.3426,198017
2021-03-11,14.456,14.4884,14.0752,14.302,232362
2021-03-12,14.4074,14.4479,14.1562,14.3426,162240
2021-03-15,14.2939,14.5857,14.1238,14.3507,142867
2021-03-16,14.2372,14.2939,14.0184,14.1886,189183
2021-03-17,14.1319,14.3101,14.0833,14.2534,161487
2021-03-18,14.1967,14.2251,13.751,13.7915,232689
2021-03-19,13.7753,13.9455,13.4755,13.824,456508
2021-03-22,13.7997,13.8704,13.354,13.5079,136128
2021-03-23,13.2324,13.3459,12.7503,12.8354,133079
2021-03-24,13.0299,13.2892,12.6814,12.8192,717789
2021-03-25,12.7138,13.5647,12.5437,13.4917,152469
2021-03-26,13.7186,13.8807,13.4026,13.8078,125628
2021-03-29,13.8564,13.9293,13.516,13.5241,150003
2021-03-30,13.589,13.8604,13.4998,13.7348,112690
2021-03-31,13.7672,13.9212,13.4674,13.5322,183353
2021-04-01,13.5485,13.7915,13.3702,13.7753,64427
2021-04-05,13.9293,14.0995,13.6619,14.0346,124963
2021-04-06,13.9698,14.0995,13.7753,13.8078,163743
2021-04-07,13.7915,13.8321,13.2081,13.2486,129362
2021-04-08,13.2162,13.4269,12.8921,13.3783,435498
2021-04-09,13.516,13.5647,13.4269,13.4998,108483
2021-04-12,13.435,13.6619,13.4229,13.5079,72591
2021-04-13,13.4188,13.4188,13.1595,13.2,51290
2021-04-14,13.2486,13.5809,13.2324,13.4512,72488
2021-04-15,13.5728,13.67,13.4188,13.6214,110463
2021-04-16,13.7753,13.9212,13.5687,13.6052,87389
2021-04-19,13.5485,13.67,13.2729,13.3135,60765
2021-04-20,13.1919,13.2486,12.9376,13.119,85617
2021-04-21,13.1352,13.5241,13.1352,13.4431,58153
2021-04-22,13.4917,13.4917,13.1433,13.1595,53867
2021-04-23,13.2729,13.6214,13.2729,13.4998,62201
2021-04-26,13.5809,13.7024,11.2796,13.5322,47127
2021-04-27,12.9812,12.9812,11.3688,11.8063,1651253
2021-04-28,11.782,11.782,11.2472,11.7252,2117629
2021-04-29,11.5227,11.8711,11.2147,11.3525,5609069
2021-04-30,11.3525,11.5065,11.2634,11.3444,1784400
2021-05-03,11.547,11.7496,11.393,11.4173,1347555
2021-05-04,11.4659,11.7982,11.2917,11.782,833877
2021-05-05,11.7171,11.8711,11.6199,11.8225,1056416
2021-05-06,11.9521,12.0494,11.5713,11.8306,749190
2021-05-07,11.9278,12.0737,11.8063,12.0494,958133
2021-05-10,12.1952,12.7624,12.1952,12.4059,543979
2021-05-11,12.1385,12.5234,12.1385,12.4464,280725
2021-05-12,12.3654,12.6004,12.2438,12.2763,373914
2021-05-13,12.3168,12.5923,12.3168,12.4869,432815
2021-05-14,12.4788,12.7138,12.4221,12.5194,622071
2021-05-17,12.7138,13.0055,12.3897,13.0055,819615
2021-05-18,12.9893,13.1879,12.8622,12.9812,608076
2021-05-19,12.7949,12.8921,12.6085,12.884,522746
2021-05-20,12.8192,12.8678,12.5761,12.7057,486089
2021-05-21,12.7949,13.042,12.5396,12.8516,370647
2021-05-24,12.8435,12.9407,12.7118,12.8921,384403
2021-05-25,12.9164,13.2608,12.9002,12.965,461207
2021-05-26,13.038,13.3459,13.038,13.2567,493784
2021-05-27,13.3783,13.4836,13.2324,13.2486,602932
2021-05-28,13.2648,13.3459,12.9893,13.2405,351481
2021-06-01,13.3702,13.5322,13.2567,13.5079,435457
2021-06-02,13.5647,13.6376,13.119,13.2081,326228
2021-06-03,13.1595,13.2567,12.9245,13.119,336557
2021-06-04,13.1109,13.2081,12.884,12.9488,405144
2021-06-07,12.9407,13.0299,12.7868,12.8759,270861
2021-06-08,12.8516,13.0217,12.7381,12.9326,217417
2021-06-09,12.884,12.9164,12.7787,12.9002,171393
2021-06-10,12.9893,13.0217,12.6976,12.7138,185734
2021-06-11,12.7868,12.9569,12.7381,12.884,175619
2021-06-14,12.8516,12.8759,12.6652,12.6814,360123
2021-06-15,12.7624,12.8678,12.6409,12.8273,212068
2021-06-16,12.8516,12.8921,12.6976,12.7868,361874
2021-06-17,12.8273,12.8597,12.3249,12.4788,423411
2021-06-18,12.3087,12.4464,12.1061,12.3897,830480
2021-06-21,12.5437,12.8192,12.4302,12.6571,482549
2021-06-22,12.6733,12.7057,12.4707,12.568,299668
2021-06-23,12.5801,12.7057,12.4748,12.5275,265185
2021-06-24,12.6166,12.7138,12.3816,12.649,325170
2021-06-25,12.7462,12.8597,12.4059,12.4302,1907649
2021-06-28,12.4221,12.4707,12.2438,12.3249,282298
2021-06-29,12.4059,12.5437,12.3087,12.333,197129
2021-06-30,12.2438,12.5275,12.2438,12.4464,144374
2021-07-01,12.5599,12.649,12.4545,12.5113,176137
2021-07-02,12.5356,12.5356,12.2844,12.3573,145424
2021-07-06,12.2844,12.2844,11.863,11.9764,223496
2021-07-07,11.8873,12.1061,11.7982,12.0089,303703
2021-07-08,11.8063,12.1061,11.6037,11.8711,271941
2021-07-09,12.0818,12.2601,12.0737,12.1871,116650
2021-07-12,12.0939,12.4302,11.9764,12.4302,168768
2021-07-13,12.4302,12.4869,12.1385,12.3573,384260
2021-07-14,12.3654,12.6085,12.179,12.2195,138552
2021-07-15,12.1952,12.2763,12.0413,12.1061,121581
2021-07-16,12.2276,12.3087,11.7739,11.8954,209498
2021-07-19,11.6199,11.8144,11.3525,11.6361,302472
2021-07-20,11.6685,12.0008,11.628,11.8873,302271
2021-07-21,12.0818,12.2195,12.0494,12.0818,179513
2021-07-22,12.1142,12.1223,11.8468,11.944,133414
2021-07-23,12.0413,12.0818,11.8954,12.0575,85462
2021-07-26,12.1142,12.252,12.0008,12.2114,98806
2021-07-27,12.0899,12.2924,11.9602,12.1142,112400
2021-07-28,12.1709,12.179,11.944,12.1466,175364
2021-07-29,12.2763,12.4545,12.179,12.4464,157719
2021-07-30,12.4464,12.649,12.4464,12.6085,364624
2021-08-02,12.6895,12.8759,12.4221,12.6814,375953
2021-08-03,12.6814,13.1838,12.4869,13.1271,106786
2021-08-04,12.9326,13.1595,12.6976,12.7787,331994
2021-08-05,13.3621,13.7834,12.5437,12.8273,293530
2021-08-06,13.0785,13.4026,12.7543,13.3621,486450
2021-08-09,13.3702,13.7753,13.0866,13.1919,626003
2021-08-10,13.3702,14.0103,13.1514,13.7348,2060016
2021-08-11,13.68,14.94,12.84,13.26,997807
2021-08-12,13.45,13.45,12.78,13.02,452558
2021-08-13,12.84,12.98,12.6,12.91,271524
2021-08-16,12.75,12.88,12.52,12.74,273918
2021-08-17,12.45,12.68,12.45,12.6,175122
2021-08-18,12.58,12.71,12.43,12.52,196921
2021-08-19,12.36,12.55,12.132,12.28,324017
2021-08-20,12.25,12.38,12.12,12.22,241828
2021-08-23,12.28,12.33,11.88,11.96,316134
2021-08-24,12.0,12.4,11.94,12.36,621416
2021-08-25,12.37,12.45,12.2661,12.33,221377
2021-08-26,12.31,13.19,12.19,12.32,298331
2021-08-27,12.38,12.94,12.325,12.88,266495
2021-08-30,12.88,13.36,12.77,13.22,502684
2021-08-31,13.52,13.52,12.89,13.01,279959
2021-09-01,12.93,13.22,12.68,13.07,192319
2021-09-02,13.2,13.48,13.0177,13.37,326444
2021-09-03,13.35,13.41,13.17,13.29,218137
2021-09-07,13.24,13.36,12.81,12.84,294964
2021-09-08,12.74,12.81,12.57,12.75,167132
2021-09-09,12.47,12.92,12.47,12.64,157024
2021-09-10,12.67,12.74,12.4,12.41,190803
2021-09-13,12.49,12.55,12.29,12.3,125691
2021-09-14,12.44,12.44,11.97,12.0,150122
2021-09-15,12.0,12.27,11.95,12.24,182014
2021-09-16,12.25,12.25,11.92,12.09,158061
2021-09-17,12.13,12.13,11.68,11.84,401041
2021-09-20,11.53,11.58,11.335,11.5,171016
2021-09-21,11.56,11.58,11.33,11.41,230626
2021-09-22,11.46,11.81,11.46,11.56,168213
2021-09-23,11.5,11.93,11.5,11.89,169673
2021-09-24,11.77,11.91,11.68,11.79,104110
2021-09-27,11.79,12.25,11.7589,12.1,140786
2021-09-28,12.0,12.09,11.89,11.94,100006
2021-09-29,11.89,12.09,11.76,12.07,157221
2021-09-30,12.2,12.2,11.66,11.66,195888
2021-10-01,11.69,12.08,11.61,11.96,139562
2021-10-04,11.86,12.07,11.72,11.75,104857
2021-10-05,11.75,11.95,11.64,11.73,145486
2021-10-06,11.6,11.66,11.35,11.54,109888
2021-10-07,11.65,11.69,11.59,11.65,148253
2021-10-08,11.6,11.7,11.54,11.56,117969
2021-10-11,11.56,11.69,11.41,11.41,102758
2021-10-12,11.43,11.49,11.34,11.4,85544
2021-10-13,11.47,11.53,11.27,11.52,98217
2021-10-14,11.7,11.92,11.65,11.85,114152
2021-10-15,11.85,12.2,11.65,11.67,168799
2021-10-18,11.63,11.7,11.49,11.55,74779
2021-10-19,11.55,11.55,11.35,11.38,123848
2021-10-20,11.44,11.45,11.31,11.44,110646
2021-10-21,11.44,11.44,11.28,11.29,187172
2021-10-22,11.36,11.5,11.3,11.36,148084
2021-10-25,11.4,11.61,11.33,11.45,278603
2021-10-26,11.46,11.62,11.37,11.53,177992
2021-10-27,11.5,11.5,11.24,11.3,199858
2021-10-28,11.35,11.83,11.35,11.78,177757
2021-10-29,11.79,11.81,11.58,11.68,199225
2021-11-01,11.66,11.91,11.66,11.78,206914
2021-11-02,11.8,11.97,11.65,11.83,174990
2021-11-03,11.79,12.02,11.715,11.91,229885
2021-11-04,11.91,11.92,11.68,11.89,260695
2021-11-05,11.88,12.38,11.88,12.22,229851
2021-11-08,12.35,12.46,12.26,12.33,131663
2021-11-09,12.6,13.79,12.6,13.19,322777
2021-11-10,13.03,13.2,12.75,12.77,162986
2021-11-11,12.77,12.855,12.61,12.75,258232
2021-11-12,12.79,13.0,12.79,12.96,211217
2021-11-15,12.93,12.94,12.75,12.85,142624
2021-11-16,12.75,12.77,11.45,12.72,221402
2021-11-17,12.41,12.41,10.55,10.73,1037254
2021-11-18,10.73,10.7852,10.225,10.43,999576
2021-11-19,10.22,10.22,9.12,9.71,4901804
2021-11-22,9.85,10.12,9.5,9.94,1092198
2021-11-23,9.91,10.32,9.91,9.93,849559
2021-11-24,9.92,10.03,9.73,9.88,712506
2021-11-26,9.5,9.88,9.47,9.79,412454
2021-11-29,9.73,9.84,9.58,9.77,585956
2021-11-30,9.6,9.69,9.48,9.57,614472
2021-12-01,9.87,9.93,9.54,9.56,528544
2021-12-02,9.61,9.91,9.55,9.85,762728
2021-12-03,9.82,9.85,9.51,9.68,793589
2021-12-06,9.83,10.06,9.74,9.88,577476
2021-12-07,10.03,10.16,9.505,9.55,463242
2021-12-08,9.56,9.69,9.49,9.57,252028
2021-12-09,9.45,9.63,9.38,9.61,332744
2021-12-10,9.7,9.81,9.59,9.81,281139
2021-12-13,9.71,9.97,9.58,9.8,515365
2021-12-14,9.77,9.9311,9.62,9.66,367698
2021-12-15,9.58,10.07,9.54,10.0,486361
2021-12-16,10.07,10.18,9.675,9.74,366937
2021-12-17,9.63,10.0,9.595,9.97,679977
2021-12-20,9.79,9.88,9.55,9.78,1035888
2021-12-21,9.77,10.02,9.77,10.02,436751
2021-12-22,10.06,10.18,9.95,10.04,255854
2021-12-23,10.13,10.24,10.01,10.22,426767
2021-12-27,10.27,10.4,10.16,10.27,281135
2021-12-28,10.3,10.57,10.3,10.35,195266
2021-12-29,10.27,10.35,10.21,10.23,166961
2021-12-30,10.27,10.44,10.16,10.35,201665
2021-12-31,10.34,10.36,10.22,10.24,105194
2022-01-03,10.24,10.39,10.15,10.2,193024
2022-01-04,10.14,10.445,10.1,10.35,210570
2022-01-05,10.35,10.48,10.09,10.12,257093
2022-01-06,10.09,10.2,9.88,9.92,193866
2022-01-07,9.86,10.11,9.85,10.11,226538
2022-01-10,9.99,10.07,9.81,9.9,372106
2022-01-11,9.86,10.18,9.83,10.17,298488
2022-01-12,10.3,10.3,10.01,10.23,324469
2022-01-13,10.23,10.42,10.19,10.35,269550
2022-01-14,10.18,10.44,10.14,10.41,178161
2022-01-18,10.4,10.4,10.1,10.12,211210
2022-01-19,10.19,10.32,10.055,10.28,162105
2022-01-20,10.3,10.6,10.03,10.07,220405
2022-01-21,10.02,10.21,9.88,9.88,291379
2022-01-24,9.68,9.87,9.59,9.84,309753
2022-01-25,9.71,9.75,9.39,9.62,291273
2022-01-26,9.7,9.86,9.34,9.42,134487
2022-01-27,9.53,9.695,9.29,9.39,187991
2022-01-28,9.44,10.3999,9.44,10.35,1241489
2022-01-31,10.19,10.38,10.06,10.23,283311
2022-02-01,10.12,10.31,10.09,10.3,220818
2022-02-02,10.32,10.33,10.07,10.29,333674
2022-02-03,10.17,10.27,9.745,9.77,817267
2022-02-04,9.64,9.83,9.51,9.69,467125
2022-02-07,9.63,9.77,9.5,9.64,490874
2022-02-08,9.68,9.8,9.54,9.78,958139
2022-02-09,9.94,10.03,9.625,9.66,443617
2022-02-10,9.49,9.81,9.48,9.59,767809
2022-02-11,9.57,9.84,9.5309,9.75,394477
2022-02-14,9.72,10.03,9.72,9.97,230715
2022-02-15,10.11,10.425,10.11,10.4,177668
2022-02-16,10.4,10.66,10.4,10.6,138406
2022-02-17,10.45,10.55,10.371,10.45,245263
2022-02-18,10.41,10.45,10.21,10.36,251735
2022-02-22,10.35,10.35,10.045,10.08,235911
2022-02-23,10.15,10.37,10.12,10.15,240843
2022-02-24,9.95,10.06,9.73,9.99,256664
2022-02-25,10.5,10.55,10.2,10.4,539429
2022-02-28,10.25,10.97,10.25,10.93,581954
2022-03-01,11.1,11.32,10.6,10.68,392793
2022-03-02,10.7,11.05,10.7,11.02,432193
2022-03-03,11.0,11.11,10.72,10.76,313845
2022-03-04,10.64,10.709,10.53,10.67,300454
2022-03-07,10.76,10.77,10.14,10.25,287925
2022-03-08,10.35,10.57,10.21,10.33,254400
2022-03-09,10.46,10.8,10.4,10.76,437259
2022-03-10,10.57,10.86,10.52,10.82,452323
2022-03-11,10.91,11.09,10.745,10.78,289907
2022-03-14,10.85,10.92,10.67,10.77,307964
2022-03-15,10.8,10.91,10.72,10.85,210518
2022-03-16,10.88,11.14,10.73,11.14,518020
2022-03-17,11.07,11.74,11.07,11.74,752786
2022-03-18,11.6,11.73,11.01,11.04,1430703
2022-03-21,10.97,11.59,10.93,11.49,437845
2022-03-22,11.58,11.74,11.51,11.72,413088
2022-03-23,11.79,11.85,11.66,11.76,306590
2022-03-24,11.81,11.96,11.73,11.96,262022
2022-03-25,11.94,11.98,11.74,11.97,349954
2022-03-28,11.92,11.99,11.595,11.91,392938
2022-03-29,11.99,12.05,11.72,11.81,132082
2022-03-30,11.76,11.91,11.68,11.68,121827
2022-03-31,11.59,11.77,11.53,11.56,146959
2022-04-01,11.55,11.82,11.55,11.77,925281
2022-04-04,11.78,11.82,11.56,11.77,205943
2022-04-05,11.75,11.91,11.46,11.5,164774
2022-04-06,11.39,11.41,11.15,11.25,285196
2022-04-07,11.32,11.32,11.04,11.3,378000
2022-04-08,11.35,11.46,11.16,11.18,115968
2022-04-11,11.03,11.23,11.01,11.15,95232
2022-04-12,11.21,11.37,11.13,11.2,144396
2022-04-13,11.19,11.56,11.19,11.48,174239
2022-04-14,11.56,11.59,11.4,11.41,112967
2022-04-18,11.36,11.49,11.24,11.32,135066
2022-04-19,11.45,11.47,11.295,11.32,214466
2022-04-20,11.38,11.59,11.31,11.54,244608
2022-04-21,11.5,11.66,11.095,11.29,161424
2022-04-22,11.2,11.21,10.87,10.87,143522
2022-04-25,10.96,11.12,10.79,11.12,193439
2022-04-26,11.11,11.25,10.995,11.22,206897
2022-04-27,11.2,11.34,11.13,11.2,156650
2022-04-28,11.21,11.52,11.03,11.44,216039
2022-04-29,11.55,11.55,9.995,10.06,1210874
2022-05-02,9.99,10.29,9.805,10.07,581469
2022-05-03,10.05,10.07,9.65,9.72,353106
2022-05-04,9.74,10.03,9.73,10.01,471057
2022-05-05,9.94,9.975,9.68,9.91,365402
2022-05-06,9.84,9.87,9.59,9.68,218892
2022-05-09,9.51,9.69,9.325,9.35,241743
2022-05-10,9.69,9.91,9.47,9.67,290166
2022-05-11,9.69,9.955,9.61,9.86,389998
2022-05-12,9.86,9.9,9.51,9.67,235409
2022-05-13,9.82,9.99,9.69,9.74,457334
2022-05-16,9.7,9.885,9.7,9.79,151487
2022-05-17,10.0,10.0,9.735,9.86,497804
2022-05-18,9.96,10.37,9.87,9.98,464814
2022-05-19,9.9,10.21,9.84,10.05,409623
2022-05-20,10.19,10.32,9.82,9.97,300051
2022-05-23,10.11,10.27,9.96,10.18,259456
2022-05-24,10.25,10.29,9.955,10.18,233953
2022-05-25,10.13,10.22,10.03,10.1,163879
2022-05-26,10.16,10.367,10.16,10.21,131308
2022-05-27,10.28,10.4,10.25,10.36,154526
2022-05-31,10.28,10.31,9.98,9.98,798495
2022-06-01,10.23,10.33,10.096,10.2,207558
2022-06-02,10.29,10.47,10.21,10.47,193101
2022-06-03,10.33,10.35,10.07,10.33,254229
2022-06-06,10.53,10.66,10.42,10.61,239852
2022-06-07,10.58,10.865,10.56,10.83,249038
2022-06-08,10.85,10.85,10.575,10.67,149799
2022-06-09,10.64,10.64,10.43,10.48,163860
2022-06-10,10.25,10.25,9.75,9.75,137443
2022-06-13,9.51,9.545,9.21,9.48,283717
2022-06-14,9.45,9.45,9.17,9.36,169048
2022-06-15,9.49,9.505,9.31,9.46,171253
2022-06-16,9.17,9.46,9.13,9.43,411667
2022-06-17,9.52,9.59,9.29,9.55,608765
2022-06-21,9.74,9.91,9.58,9.58,386331
2022-06-22,9.52,10.125,9.52,10.06,318989
2022-06-23,10.01,10.2,9.66,9.67,412939
2022-06-24,9.7,10.475,9.7,9.97,1778358
2022-06-27,10.04,10.31,9.98,10.16,465813
2022-06-28,10.2,10.32,9.955,10.08,406580
2022-06-29,10.16,10.25,9.86,9.87,303291
2022-06-30,9.7,9.895,9.67,9.85,285308
2022-07-01,9.79,10.15,9.79,9.95,280681
2022-07-05,9.75,9.86,9.6,9.69,329927
2022-07-06,9.61,9.83,9.47,9.56,472972
2022-07-07,9.63,9.95,9.63,9.71,393337
2022-07-08,9.76,9.88,9.595,9.73,503283
2022-07-11,9.61,9.685,9.505,9.55,237412
2022-07-12,9.47,9.7503,9.41,9.47,332646
2022-07-13,9.38,9.635,9.32,9.49,287669
2022-07-14,9.31,9.49,9.235,9.37,265193
2022-07-15,9.52,9.975,9.52,9.94,290663
2022-07-18,10.1,10.32,10.02,10.08,311898
2022-07-19,10.08,10.65,10.08,10.49,418650
2022-07-20,10.38,10.42,10.06,10.23,190073
2022-07-21,10.01,10.22,9.94,10.11,142978
2022-07-22,10.15,10.2,10.0,10.1,174092
2022-07-25,10.12,10.24,10.05,10.22,212263
2022-07-26,10.12,10.26,10.09,10.14,208625
2022-07-27,10.11,10.23,10.0,10.19,181441
2022-07-28,10.25,10.27,10.13,10.25,194877
2022-07-29,10.42,10.83,10.19,10.23,281277
2022-08-01,10.27,10.83,10.17,10.78,315637
2022-08-02,10.8,10.98,10.535,10.57,253491
2022-08-03,10.69,10.78,9.1,9.7,316595
2022-08-04,9.39,9.88,8.65,9.26,5191124
2022-08-05,8.8,9.02,8.785,8.91,1013922
2022-08-08,9.04,9.37,8.93,9.37,897638
2022-08-09,9.13,9.6,9.05,9.35,1126066
2022-08-10,9.35,9.45,9.22,9.38,580038
2022-08-11,9.45,9.56,9.28,9.47,474372
2022-08-12,9.53,9.86,9.37,9.85,787265
2022-08-15,9.77,10.045,9.73,10.0,915915
2022-08-16,9.94,10.12,9.86,10.1,444163
2022-08-17,9.98,10.1,9.84,10.09,355973
2022-08-18,10.12,10.23,10.05,10.15,239414
2022-08-19,10.09,10.1,9.82,9.9,395828
2022-08-22,9.76,9.78,9.57,9.58,298064
2022-08-23,9.53,9.65,9.52,9.55,331910
2022-08-24,9.51,9.57,9.375,9.55,355380
2022-08-25,9.59,9.87,9.58,9.84,244609
2022-08-26,9.9,9.97,9.74,9.78,370960
2022-08-29,9.66,9.75,9.54,9.7,311436
2022-08-30,9.63,9.71,9.4,9.47,269290
2022-08-31,9.37,9.46,9.23,9.24,309085
2022-09-01,9.2,9.2,8.9,9.01,292302
2022-09-02,9.17,9.255,8.94,9.0,218046
2022-09-06,9.19,9.25,9.03,9.08,424311
2022-09-07,8.95,9.43,8.95,9.41,320013
2022-09-08,9.3,9.355,9.155,9.24,240996
2022-09-09,9.32,9.47,9.32,9.46,187644
2022-09-12,9.56,9.69,9.465,9.52,217320
2022-09-13,9.28,9.34,9.02,9.04,320754
2022-09-14,9.03,9.08,8.92,8.94,419135
2022-09-15,8.88,8.95,8.67,8.7,545944
2022-09-16,8.67,8.67,8.3209,8.42,2364063
2022-09-19,8.43,9.0,8.425,8.95,648290
2022-09-20,8.63,8.84,8.575,8.73,560517
2022-09-21,8.77,8.94,8.69,8.71,313501
2022-09-22,8.63,8.71,8.56,8.61,280635
2022-09-23,8.5,8.81,8.24,8.8,1031913
2022-09-26,8.77,9.095,8.5,8.62,933427
2022-09-27,8.83,8.83,8.5,8.62,723608
2022-09-28,8.68,8.77,8.58,8.66,466565
2022-09-29,8.61,8.61,8.39,8.46,265708
2022-09-30,8.45,8.675,8.43,8.43,264260
2022-10-03,8.5,8.87,8.5,8.81,244283
2022-10-04,8.9,9.08,8.885,9.07,354730
2022-10-05,8.88,9.12,8.76,9.04,460743
2022-10-06,8.97,9.08,8.925,8.97,242907
2022-10-07,8.86,8.86,8.575,8.64,433605
2022-10-10,8.63,8.8,8.62,8.75,280456
2022-10-11,8.78,8.91,8.715,8.86,403436
2022-10-12,8.86,8.86,8.585,8.59,287409
2022-10-13,8.4,8.82,8.33,8.75,351561
2022-10-14,8.85,9.08,8.84,8.87,496686
2022-10-17,9.08,9.46,9.06,9.3,667880
2022-10-18,9.47,9.79,9.32,9.57,370514
2022-10-19,9.48,9.61,9.345,9.36,323100
2022-10-20,9.42,9.58,9.165,9.31,214229
2022-10-21,9.3,9.72,9.29,9.67,313906
2022-10-24,9.78,9.835,9.63,9.79,166149
2022-10-25,9.83,9.985,9.8,9.91,245395
2022-10-26,9.97,10.05,9.41,9.9,413289
2022-10-27,9.95,10.01,9.795,9.86,174191
2022-10-28,9.86,10.1,9.84,10.05,196472
2022-10-31,10.03,10.03,9.84,9.95,271250
2022-11-01,9.61,9.94,9.36,9.6,623285
2022-11-02,9.65,9.72,9.39,9.42,584823
2022-11-03,9.35,9.37,9.22,9.3,354052
2022-11-04,9.49,9.69,9.415,9.67,270631
2022-11-07,9.69,9.75,9.535,9.63,258364
2022-11-08,9.73,9.98,9.67,9.75,217398
2022-11-09,9.7,9.71,9.52,9.56,153129
2022-11-10,9.96,10.165,9.865,10.07,274909
2022-11-11,10.14,10.26,9.94,9.96,275711
2022-11-14,9.92,10.14,8.39,8.68,249273
2022-11-15,8.61,8.95,8.2,8.72,4620567
2022-11-16,8.6,8.99,8.55,8.78,1223539
2022-11-17,8.69,8.99,8.65,8.92,741624
2022-11-18,8.99,9.075,8.832,9.07,623648
2022-11-21,9.08,9.3,9.02,9.17,728210
2022-11-22,9.2,9.23,9.07,9.15,918807
2022-11-23,9.15,9.225,9.07,9.19,449101
2022-11-25,9.15,9.29,8.885,8.885,405944
2022-11-28,9.03,9.075,8.965,9.0,618743
2022-11-29,9.02,9.13,8.97,9.04,499976
2022-11-30,9.05,9.31,8.875,9.29,1336213
2022-12-01,9.39,9.67,9.21,9.67,487838
2022-12-02,9.11,9.37,9.0,9.36,512940
2022-12-05,9.31,9.46,9.2,9.21,402417
2022-12-06,9.25,9.29,9.1,9.17,554553
2022-12-07,9.21,9.21,8.96,8.97,833807
2022-12-08,9.0,9.02,8.83,8.88,508643
2022-12-09,8.88,8.955,8.6,8.93,560085
2022-12-12,8.89,9.07,8.72,9.07,927894
2022-12-13,9.27,9.27,8.9,8.96,551399
2022-12-14,8.95,9.08,8.82,9.07,732108
2022-12-15,8.93,8.93,8.805,8.89,702477
2022-12-16,8.8,9.095,8.8,9.04,1257397
2022-12-19,9.03,9.19,9.03,9.12,706585
2022-12-20,9.09,9.19,9.07,9.19,571768
2022-12-21,9.25,9.25,9.03,9.1,541698
2022-12-22,9.03,9.03,8.565,8.78,529903
2022-12-23,8.76,8.915,8.75,8.89,243708
2022-12-27,8.89,8.91,8.79,8.88,255713
2022-12-28,8.91,8.93,8.765,8.83,324929
2022-12-29,8.92,8.96,8.855,8.9,251527
2022-12-30,8.8,8.88,8.77,8.86,311722
2023-01-03,8.86,8.96,8.72,8.84,487390
2023-01-04,8.94,9.14,8.93,9.02,469755
2023-01-05,8.96,9.04,8.84,9.02,273424
2023-01-06,8.97,9.295,8.86,9.27,441418
2023-01-09,9.31,9.455,9.29,9.35,429779
2023-01-10,9.37,9.47,9.32,9.42,336701
2023-01-11,9.49,9.58,9.39,9.47,334660
2023-01-12,9.56,9.84,9.56,9.81,317546
2023-01-13,9.81,9.97,9.715,9.95,716394
2023-01-17,9.98,9.98,9.86,9.92,704946
2023-01-18,9.83,10.04,9.83,9.99,491959
2023-01-19,9.94,10.45,9.87,10.45,1469685
2023-01-20,10.52,10.725,10.21,10.22,707404
2023-01-23,10.2,10.57,10.173,10.51,1069383
2023-01-24,10.47,10.56,10.325,10.49,539215
2023-01-25,10.43,10.515,10.25,10.47,357602
2023-01-26,10.54,10.61,10.46,10.57,527763
2023-01-27,10.57,10.615,10.455,10.57,345457
2023-01-30,10.52,10.565,10.42,10.43,390120
2023-01-31,10.49,10.54,10.42,10.49,991367
2023-02-01,10.39,10.71,10.36,10.63,621437
2023-02-02,10.71,10.95,10.585,10.95,1082240
2023-02-03,10.93,11.11,10.81,11.0,911093
2023-02-06,11.0,11.03,10.81,10.92,674812
2023-02-07,10.86,11.21,10.85,11.13,684915
2023-02-08,11.04,11.115,10.96,11.0,582619
2023-02-09,11.04,11.14,10.855,10.88,366153
2023-02-10,10.85,10.89,10.72,10.85,408889
2023-02-13,10.82,10.875,10.72,10.7413,369573
2023-02-14,10.7,10.78,10.57,10.74,692266
2023-02-15,10.65,10.76,10.59,10.76,398154
2023-02-16,10.75,10.75,10.46,10.48,434516
2023-02-17,10.51,10.62,10.39,10.52,411965
2023-02-21,10.57,10.57,10.165,10.3,440622
2023-02-22,10.34,10.38,10.18,10.29,423641
2023-02-23,10.35,10.425,10.165,10.27,345062
2023-02-24,10.12,10.41,10.095,10.33,410439
2023-02-27,10.43,10.51,10.3,10.34,367229
2023-02-28,10.24,10.24,9.6,10.2,1177547
2023-03-01,10.46,10.48,10.15,10.2,964580
2023-03-02,10.15,10.46,9.7,10.3,878236
2023-03-03,10.27,11.19,10.15,11.02,5138728
2023-03-06,11.05,11.145,10.65,10.77,1241182
2023-03-07,10.78,10.78,10.65,10.66,1134395
2023-03-08,10.68,10.81,10.51,10.59,1095552
2023-03-09,10.58,10.63,10.43,10.56,1134296
2023-03-10,10.5,10.62,10.355,10.47,1553983
2023-03-13,10.31,10.42,10.05,10.06,1672076
2023-03-14,10.29,10.415,10.22,10.36,1304365
2023-03-15,10.17,10.265,9.975,10.09,1274773
2023-03-16,9.99,10.29,9.945,10.29,929485
2023-03-17,10.21,10.24,9.95,9.98,2078828
2023-03-20,10.01,10.1351,9.99,10.02,587675
2023-03-21,10.23,10.42,10.14,10.38,601245
2023-03-22,10.38,10.58,10.24,10.25,760753
2023-03-23,10.29,10.43,10.115,10.2,708204
2023-03-24,10.13,10.43,10.01,10.43,594299
2023-03-27,10.53,10.595,10.44,10.5,435291
2023-03-28,10.5,10.71,10.48,10.69,571887
2023-03-29,10.81,10.86,10.72,10.84,554738
2023-03-30,10.88,10.94,10.785,10.84,325222
2023-03-31,10.86,11.08,10.84,11.05,854994
2023-04-03,11.12,11.185,10.885,10.98,510554
2023-04-04,11.0,11.0,10.75,10.89,484055
2023-04-05,10.81,10.86,10.73,10.86,398130
2023-04-06,10.88,10.93,10.81,10.87,524708
2023-04-10,10.84,10.99,10.8,10.93,805343
2023-04-11,11.05,11.74,11.05,11.6,854272
2023-04-12,11.66,11.72,11.525,11.57,512120
2023-04-13,11.49,11.745,11.45,11.67,460553
2023-04-14,11.67,11.75,11.42,11.5,526765
2023-04-17,11.52,11.58,11.445,11.5,423022
2023-04-18,11.51,11.61,11.225,11.3,435344
2023-04-19,11.28,11.435,11.23,11.39,291621
2023-04-20,11.32,11.425,11.26,11.38,348722
2023-04-21,11.4,11.4,11.155,11.29,357916
2023-04-24,11.25,11.39,11.25,11.37,268973
2023-04-25,11.23,11.23,10.93,11.02,637856
2023-04-26,10.93,11.015,10.83,10.9,454717
2023-04-27,10.9,11.06,10.87,10.98,518023
2023-04-28,10.97,11.49,10.85,11.35,838406
2023-05-01,11.3,11.59,11.28,11.56,917659
2023-05-02,11.45,11.53,11.11,11.51,464183
2023-05-03,11.55,11.585,11.39,11.41,879858
2023-05-04,11.0,11.02,10.22,10.63,1361961
2023-05-05,10.57,10.625,9.85,10.6,1474867
2023-05-08,10.65,10.8,10.485,10.51,874008
2023-05-09,10.42,10.44,10.155,10.23,904126
2023-05-10,10.27,10.425,10.05,10.37,732634
2023-05-11,10.25,10.42,10.25,10.41,360560
2023-05-12,10.41,10.56,10.41,10.49,517333
2023-05-15,10.57,10.77,10.53,10.75,538460
2023-05-16,10.73,10.73,10.58,10.62,527676
2023-05-17,10.67,10.715,10.52,10.7,481485
2023-05-18,10.73,11.06,10.68,10.88,662012
2023-05-19,11.1,11.29,11.04,11.25,670561
2023-05-22,11.35,11.45,11.26,11.39,675496
2023-05-23,11.31,11.53,11.01,11.11,818220
2023-05-24,11.02,11.14,10.25,10.63,5872882
2023-05-25,10.64,10.87,10.44,10.66,1965301
2023-05-26,10.75,10.75,10.345,10.51,1657287
2023-05-30,10.47,10.62,10.33,10.54,1430120
2023-05-31,10.39,10.51,10.03,10.04,1393699
2023-06-01,10.0,10.145,9.875,9.99,829164
2023-06-02,10.21,10.48,10.2096,10.44,746824
2023-06-05,10.4,10.85,10.365,10.76,3876911
2023-06-06,10.57,10.81,10.54,10.79,660774
2023-06-07,10.86,11.28,10.86,11.28,570264
2023-06-08,10.91,10.96,10.7,10.82,540676
2023-06-09,10.82,10.82,10.63,10.65,1067364
2023-06-12,10.66,10.67,10.5,10.6,875445
2023-06-13,10.66,10.85,10.645,10.8,669658
2023-06-14,10.82,10.85,10.68,10.69,721783
2023-06-15,10.65,10.87,10.62,10.78,835157
2023-06-16,10.85,10.85,10.47,10.5,1318376
2023-06-20,10.47,10.59,10.3859,10.56,579059
2023-06-21,10.5,10.64,10.42,10.61,437224
2023-06-22,10.61,10.61,10.425,10.5,393517
2023-06-23,10.36,10.455,10.21,10.28,1930377
2023-06-26,10.24,10.69,10.24,10.61,597598
2023-06-27,10.61,10.83,10.595,10.81,401983
2023-06-28,10.86,10.89,10.73,10.84,404992
2023-06-29,10.82,11.19,10.82,11.15,614605
2023-06-30,11.19,11.55,11.19,11.46,730388
2023-07-03,11.42,11.62,11.42,11.56,288961
2023-07-05,11.46,11.56,11.33,11.33,952778
2023-07-06,11.22,11.54,11.165,11.52,589111
2023-07-07,11.56,11.775,11.56,11.66,730449
2023-07-10,11.66,11.815,11.658,11.73,588123
2023-07-11,11.73,11.88,11.71,11.85,565570
2023-07-12,11.97,12.1,11.835,11.95,590508
2023-07-13,11.95,12.025,11.855,11.99,503021
2023-07-14,11.97,11.975,11.74,11.85,669413
2023-07-17,11.86,11.94,11.685,11.73,471277
2023-07-18,11.75,11.96,11.75,11.94,755330
2023-07-19,12.0,12.05,11.85,12.0,635799
2023-07-20,12.09,12.12,11.915,11.98,785838
2023-07-21,11.99,12.14,11.92,12.09,488282
2023-07-24,12.13,12.18,11.88,11.97,914982
2023-07-25,12.0,12.24,11.965,12.19,444292
2023-07-26,12.24,12.35,12.17,12.19,368531
2023-07-27,12.26,12.3325,12.12,12.2,454095
2023-07-28,12.34,12.3401,12.16,12.26,402409
2023-07-31,12.24,12.33,12.19,12.29,263743
2023-08-01,12.21,12.34,12.14,12.32,408281
2023-08-02,12.21,12.215,12.03,12.09,570837
2023-08-03,11.5,11.5,9.72,10.51,3028717
2023-08-04,10.2,10.29,9.84,10.01,1621910
2023-08-07,10.02,10.105,9.87,10.02,910695
2023-08-08,9.91,9.96,9.77,9.88,692216
2023-08-09,9.87,10.15,9.755,10.14,584182
2023-08-10,10.11,10.305,10.02,10.07,577132
2023-08-11,10.07,10.255,9.965,10.19,588055
2023-08-14,10.1,10.415,10.01,10.39,583822
2023-08-15,10.25,10.395,10.08,10.2,470898
2023-08-16,10.15,10.27,10.03,10.04,495250
2023-08-17,10.03,10.095,9.72,9.74,446107
2023-08-18,9.65,9.935,9.53,9.78,761989
2023-08-21,9.81,9.86,9.48,9.52,462244
2023-08-22,9.58,9.65,9.44,9.6,514390
2023-08-23,9.63,9.75,9.53,9.55,358043
2023-08-24,9.55,9.67,9.5,9.53,348014
2023-08-25,9.73,10.0,9.69,9.86,547835
2023-08-28,9.89,10.04,9.825,10.0,652565
2023-08-29,10.0,10.06,9.93,10.03,418926
2023-08-30,10.01,10.22,10.01,10.12,485700
2023-08-31,10.1,10.28,10.1,10.24,530150
2023-09-01,10.32,10.41,10.25,10.35,299360
2023-09-05,10.32,10.345,10.08,10.13,469611
2023-09-06,10.18,10.3,9.995,10.17,376749
2023-09-07,10.16,10.21,9.92,9.92,556735
2023-09-08,9.92,9.935,9.76,9.8,389445
2023-09-11,10.0,10.265,10.0,10.09,535575
2023-09-12,10.09,10.39,10.09,10.33,448261
2023-09-13,10.35,10.46,10.16,10.18,551802
2023-09-14,10.28,10.51,10.28,10.47,483251
2023-09-15,10.43,10.605,10.375,10.52,2192095
2023-09-18,10.53,10.555,10.165,10.18,367441
2023-09-19,10.2,10.35,10.065,10.08,530283
2023-09-20,10.22,10.275,10.08,10.08,430740
2023-09-21,10.01,10.13,9.915,10.0,549070
2023-09-22,10.0,10.145,9.91,9.91,376809
2023-09-25,9.85,10.015,9.78,9.9,745264
2023-09-26,9.83,10.02,9.65,9.65,498311
2023-09-27,9.71,9.855,9.635,9.77,327331
2023-09-28,9.81,10.07,9.795,10.0,306797
2023-09-29,10.06,10.1,9.76,9.84,629692
2023-10-02,9.78,9.835,9.55,9.65,331936
2023-10-03,9.69,9.76,9.53,9.54,507760
2023-10-04,9.63,9.82,9.48,9.81,382133
2023-10-05,9.77,9.82,9.65,9.8,355656
2023-10-06,9.72,9.905,9.645,9.87,441286
2023-10-09,9.88,9.94,9.75,9.78,285176
2023-10-10,9.86,9.915,9.725,9.85,358446
2023-10-11,9.86,9.985,9.75,9.86,227680
2023-10-12,9.92,9.92,9.55,9.57,524946
2023-10-13,9.63,9.645,9.24,9.34,480935
2023-10-16,9.48,9.535,9.355,9.44,549029
2023-10-17,9.35,9.9,9.35,9.9,621292
2023-10-18,9.51,9.57,9.19,9.25,554429
2023-10-19,9.24,9.4,9.13,9.14,528806
2023-10-20,9.19,9.33,9.08,9.27,479098
2023-10-23,9.17,9.215,9.015,9.11,483487
2023-10-24,9.16,9.3,9.16,9.18,372689
2023-10-25,9.08,9.19,8.89,8.99,643854
2023-10-26,9.07,9.23,9.05,9.1,415469
2023-10-27,9.13,9.195,9.015,9.09,402894
2023-10-30,9.22,9.29,9.035,9.07,377210
2023-10-31,9.07,9.2,9.0425,9.2,539405
2023-11-01,9.2,9.2,8.94,9.02,486920
2023-11-02,9.0,9.0,8.26,8.8,1538191
2023-11-03,9.11,9.45,9.0,9.42,861977
2023-11-06,9.36,9.415,8.87,9.16,811698
2023-11-07,9.15,9.22,9.049,9.2,374875
2023-11-08,9.15,9.25,8.995,9.0,474852
2023-11-09,9.09,9.175,8.79,8.81,549694
2023-11-10,8.83,8.9,8.74,8.83,598969
2023-11-13,8.76,9.1,8.71,8.99,562616
2023-11-14,9.27,9.58,9.27,9.57,575780
2023-11-15,9.56,9.765,9.425,9.53,433013
2023-11-16,9.49,9.56,9.345,9.38,339764
2023-11-17,9.38,9.545,9.38,9.51,356234
2023-11-20,9.56,9.82,9.516,9.75,537946
2023-11-21,9.66,9.8,9.595,9.61,457843
2023-11-22,9.64,9.7,9.56,9.66,303702
2023-11-24,9.64,9.875,9.64,9.81,345247
2023-11-27,9.72,9.72,9.57,9.66,668201
2023-11-28,9.68,9.735,9.34,9.34,399594
2023-11-29,9.69,9.815,9.525,9.61,404058
2023-11-30,9.64,9.64,9.495,9.52,462651
2023-12-01,9.52,9.87,9.5,9.83,529192
2023-12-04,9.87,9.98,9.83,9.89,514744
2023-12-05,9.88,9.88,9.65,9.66,291822
2023-12-06,9.75,9.83,9.59,9.66,596109
2023-12-07,9.72,9.87,9.64,9.72,522375
2023-12-08,9.67,9.82,9.63,9.67,288062
2023-12-11,9.67,9.73,9.525,9.55,412316
2023-12-12,9.56,9.57,9.3681,9.37,243880
2023-12-13,9.33,9.775,9.33,9.72,499355
2023-12-14,9.9,10.105,9.85,9.88,478814
2023-12-15,9.95,10.02,9.59,9.6,1322915
2023-12-18,9.7,9.74,9.545,9.58,511285
2023-12-19,9.67,9.86,9.625,9.8,809561
2023-12-20,9.78,9.955,9.655,9.75,715093
2023-12-21,9.93,9.93,9.685,9.92,856385
2023-12-22,9.93,10.14,9.87,10.08,449595
2023-12-26,10.06,10.27,9.975,10.2,365044
2023-12-27,10.23,10.23,10.01,10.03,307635
2023-12-28,9.96,10.03,9.88,9.96,307423
2023-12-29,9.95,9.95,9.4,9.77,518553
2024-01-02,9.7,9.955,9.7,9.84,374833
2024-01-03,9.72,9.76,9.55,9.55,372346
2024-01-04,9.58,9.58,9.34,9.34,336672
2024-01-05,9.23,9.44,9.23,9.26,451306
2024-01-08,9.25,9.3675,9.0,9.3,519304
2024-01-09,9.25,9.25,9.02,9.11,332056
2024-01-10,9.19,9.19,8.995,9.05,381110
2024-01-11,8.96,8.99,8.825,8.97,438124
2024-01-12,9.14,9.14,8.85,8.95,281902
2024-01-16,8.84,8.91,8.73,8.89,486833
2024-01-17,8.73,8.94,8.71,8.92,399293
2024-01-18,8.96,9.015,8.86,8.87,1086138
2024-01-19,8.93,8.93,8.695,8.91,844173
2024-01-22,9.0,9.18,8.965,9.18,1177384
2024-01-23,9.31,9.35,9.065,9.14,411903
2024-01-24,9.25,9.25,8.8635,8.8635,383782
2024-01-25,9.29,9.33,9.115,9.29,309306
2024-01-26,9.38,9.51,9.34,9.49,417779
2024-01-29,9.47,9.59,9.345,9.58,429404
2024-01-30,9.49,9.625,9.49,9.52,346847
2024-01-31,9.49,9.55,9.24,9.26,510659
2024-02-01,9.36,9.43,9.19,9.27,1344123
2024-02-02,9.15,9.245,9.0005,9.19,594412
2024-02-05,9.04,9.14,9.0,9.08,373556
2024-02-06,9.05,9.25,9.05,9.24,273702
2024-02-07,9.27,9.28,9.08,9.18,321784
2024-02-08,9.16,9.38,9.14,9.38,270034
2024-02-09,9.42,9.48,9.3,9.46,422124
2024-02-12,9.46,9.76,9.46,9.68,389909
2024-02-13,9.41,9.41,9.11,9.22,796874
2024-02-14,9.39,9.425,9.25,9.36,478157
2024-02-15,9.41,9.83,9.35,9.83,505230
2024-02-16,9.77,9.94,9.65,9.9,555840
2024-02-20,9.73,9.9,9.7,9.82,428076
2024-02-21,9.8,9.84,9.64,9.7,258207
2024-02-22,9.66,9.75,9.63,9.73,372950
2024-02-23,9.75,9.9975,9.73,9.93,371839
2024-02-26,9.87,10.03,9.84,10.02,551527
2024-02-27,10.11,10.11,9.735,9.78,549337
2024-02-28,9.99,10.3,9.565,9.58,1028419
2024-02-29,9.75,9.75,9.45,9.65,951336
2024-03-01,9.58,9.6,9.1,9.2,1496318
2024-03-04,9.1,9.18,8.88,9.04,633425
2024-03-05,9.01,9.125,8.98,9.03,606788
2024-03-06,9.13,9.195,9.04,9.11,633407
2024-03-07,9.2,9.35,9.145,9.21,603682
2024-03-08,9.27,9.27,9.125,9.18,690225
2024-03-11,9.14,9.27,9.14,9.21,386203
2024-03-12,9.15,9.15,9.02,9.14,394087
2024-03-13,9.11,9.28,9.11,9.16,744951
2024-03-14,9.08,9.11,8.915,8.98,558731
2024-03-15,8.92,9.17,8.92,9.16,705500
2024-03-18,9.16,9.38,9.075,9.38,435036
2024-03-19,9.12,9.45,9.105,9.34,767380
2024-03-20,9.34,9.995,9.3,9.99,1050547
2024-03-21,9.99,10.315,9.97,10.16,1856149
2024-03-22,10.16,10.38,10.06,10.34,1121211
2024-03-25,10.7,10.7,10.24,10.52,2169357
2024-03-26,10.64,10.97,10.565,10.76,3393756
2024-03-27,10.72,11.125,10.72,11.1,1038578
2024-03-28,11.13,11.35,10.99,11.15,1498788
2024-04-01,11.15,11.15,10.87,10.95,532185
2024-04-02,10.79,11.01,10.75,10.89,603986
2024-04-03,10.85,11.09,10.83,11.04,601077
2024-04-04,11.2,11.205,10.72,10.74,461263
2024-04-05,10.73,10.76,10.58,10.72,333209
2024-04-08,10.8,10.855,10.67,10.71,198830
2024-04-09,10.69,10.79,10.56,10.77,915399
2024-04-10,10.76,10.76,10.36,10.45,429652
2024-04-11,10.6,10.655,10.515,10.57,428028
2024-04-12,10.49,10.54,10.03,10.03,383706
2024-04-15,10.33,10.4,10.02,10.02,323885
2024-04-16,9.95,10.02,9.81,9.92,455322
2024-04-17,9.98,10.045,9.8,9.83,351120
2024-04-18,9.88,9.905,9.735,9.76,334155
2024-04-19,9.74,9.97,9.63,9.95,394094
2024-04-22,10.05,10.055,9.865,9.93,385942
2024-04-23,9.87,10.13,9.84,9.84,278000
2024-04-24,10.02,10.115,9.89,10.04,544431
2024-04-25,9.95,9.97,9.83,9.9,334206
2024-04-26,9.94,10.065,9.895,9.91,254646
2024-04-29,9.88,10.085,9.88,9.95,284719
2024-04-30,9.86,9.86,9.43,9.43,490946
2024-05-01,9.49,9.67,9.4,9.51,424720
2024-05-02,9.59,10.57,9.59,9.99,1567215
2024-05-03,10.16,10.16,9.36,9.36,927345
2024-05-06,9.85,9.915,9.43,9.5,943345
2024-05-07,9.5,9.84,9.5,9.76,601432
2024-05-08,9.62,9.865,9.565,9.83,583584
2024-05-09,9.87,9.955,9.7225,9.8,742252
2024-05-10,9.84,9.85,9.67,9.78,404941
2024-05-13,9.78,9.89,9.64,9.67,317622
2024-05-14,9.67,9.765,9.455,9.57,557452
2024-05-15,9.7,9.71,9.5,9.6,428322
2024-05-16,9.58,9.69,9.535,9.68,360591
2024-05-17,9.71,10.7413,9.66,9.93,450436
2024-05-20,9.81,9.9,9.74,9.75,329091
2024-05-21,9.71,9.79,9.65,9.77,300515
2024-05-22,9.76,9.76,9.44,9.45,345123
2024-05-23,9.44,9.44,9.07,9.07,574223
2024-05-24,9.29,9.51,9.27,9.51,581368
2024-05-28,9.39,9.44,9.25,9.29,603740
2024-05-29,9.14,9.23,9.085,9.15,534692
2024-05-30,9.22,9.32,9.165,9.23,276068
2024-05-31,9.25,9.31,9.2,9.3,699839
2024-06-03,9.39,9.39,9.05,9.19,462963
2024-06-04,9.13,9.14,8.845,8.9,832362
2024-06-05,8.93,9.1975,8.8,9.19,611635
2024-06-06,9.16,9.32,9.1,9.32,711691
2024-06-07,9.06,9.335,9.06,9.26,408068
2024-06-10,9.17,9.37,9.15,9.28,344514
2024-06-11,9.23,9.37,9.19,9.37,437480
2024-06-12,9.45,9.7,9.35,9.36,521621
2024-06-13,9.31,9.355,9.11,9.14,356161
2024-06-14,9.01,9.06,8.93,9.0,409735
2024-06-17,8.92,9.14,8.92,9.07,450128
2024-06-18,9.06,9.13,8.985,9.09,660645
2024-06-20,9.08,9.22,9.05,9.11,650169
2024-06-21,9.07,9.07,8.78,8.83,1484548
2024-06-24,8.9,8.92,8.79,8.86,865325
2024-06-25,8.76,8.85,8.67,8.76,528863
2024-06-26,8.67,8.89,8.62,8.87,1088670
2024-06-27,8.9,9.005,8.82,8.9,495530
2024-06-28,9.01,9.05,8.89,8.97,4103788
2024-07-01,8.99,9.059,8.65,8.65,586291
2024-07-02,8.7,8.9,8.7,8.88,562781
2024-07-03,8.74,9.03,8.74,8.955,412684
2024-07-05,8.95,8.95,8.79,8.88,468195
2024-07-08,8.96,9.12,8.92,9.09,468415
2024-07-09,9.1,9.1,8.86,8.89,485257
2024-07-10,8.99,9.03,8.895,8.94,351059
2024-07-11,9.16,9.38,9.13,9.31,372667
2024-07-12,9.44,9.45,9.245,9.32,317771
2024-07-15,9.38,9.465,9.2,9.36,443512
2024-07-16,9.45,9.84,9.41,9.64,744027
2024-07-17,9.62,9.75,9.53,9.65,505324
2024-07-18,9.57,9.79,9.54,9.56,447258
2024-07-19,9.56,9.56,9.29,9.4,383586
2024-07-22,9.46,9.68,9.31,9.68,421527
2024-07-23,9.64,9.86,9.59,9.76,401620
2024-07-24,9.85,9.915,9.535,9.55,413794
2024-07-25,9.6,9.805,9.57,9.62,472620
2024-07-26,9.73,9.73,9.455,9.58,542078
2024-07-29,9.62,9.66,9.2,9.25,739643
2024-07-30,9.31,9.43,9.24,9.4,774034
2024-07-31,9.48,9.63,9.38,9.54,880585
2024-08-01,9.27,9.29,7.825,7.85,3973483
2024-08-02,7.63,7.63,6.55,6.69,2959756
2024-08-05,6.585,6.585,5.9,6.37,2168894
2024-08-06,6.41,6.42,6.155,6.34,2142207
2024-08-07,6.54,6.86,6.41,6.5,2248960
2024-08-08,6.62,6.785,6.505,6.78,1266523
2024-08-09,6.73,6.74,6.47,6.56,1247006
2024-08-12,6.68,6.68,6.46,6.61,790409
2024-08-13,6.7,6.756,6.585,6.69,1218167
2024-08-14,6.78,6.99,6.615,6.9,1654563
2024-08-15,6.69,7.04,6.69,6.89,906843
2024-08-16,6.89,6.915,6.81,6.83,521139
2024-08-19,6.86,6.94,6.79,6.84,1534429
2024-08-20,6.85,6.91,6.78,6.82,788199
2024-08-21,6.9,6.91,6.79,6.8,874415
2024-08-22,6.78,6.8258,6.67,6.69,1044681
2024-08-23,6.71,6.97,6.71,6.89,1083434
2024-08-26,6.93,6.995,6.825,6.9,1143034
2024-08-27,6.89,6.93,6.81,6.88,400293
2024-08-28,6.83,7.04,6.82,7.02,813784
2024-08-29,7.1,7.25,6.94,7.15,852395
2024-08-30,7.17,7.6,6.95,6.95,830659
2024-09-03,7.06,7.11,6.84,6.85,1044102
2024-09-04,6.69,6.92,6.69,6.85,904396
2024-09-05,6.9,6.9,6.72,6.82,780382
2024-09-06,6.8,6.845,6.61,6.61,661809
2024-09-09,6.66,6.73,6.52,6.52,846385
2024-09-10,6.56,6.56,6.37,6.49,689627
2024-09-11,6.39,6.39,6.245,6.36,595360
2024-09-12,6.38,7.05,6.29,6.8,502674
2024-09-13,6.55,6.73,6.53,6.68,612713
2024-09-16,6.72,6.75,6.575,6.61,511247
2024-09-17,6.65,6.745,6.57,6.58,372533
2024-09-18,6.58,6.74,6.49,6.51,463722
2024-09-19,6.71,6.71,6.58,6.62,577944
2024-09-20,6.54,6.56,6.47,6.56,1969677
2024-09-23,6.59,6.6,6.42,6.5,401904
2024-09-24,6.53,6.735,6.52,6.64,549454
2024-09-25,6.7,6.76,6.455,6.76,620150
2024-09-26,6.7,7.01,6.69,6.96,855997
2024-09-27,6.97,7.1108,6.88,6.93,618891
2024-09-30,6.93,6.94,6.825,6.85,456792
2024-10-01,6.8,6.84,6.725,6.73,306228
2024-10-02,6.76,6.8685,6.63,6.63,380666
2024-10-03,6.63,6.63,6.52,6.57,327659
2024-10-04,6.75,6.82,6.61,6.66,466499
2024-10-07,6.74,6.815,6.57,6.78,578139
2024-10-08,6.72,6.72,6.515,6.56,325296
2024-10-09,6.6,6.735,6.54,6.56,811729
2024-10-10,6.45,6.675,6.45,6.57,767809
2024-10-11,6.57,6.825,6.54,6.7,2848674
2024-10-14,6.67,6.67,6.41,6.42,611783
2024-10-15,6.38,6.53,6.32,6.44,516019
2024-10-16,6.54,6.6,6.495,6.58,491420
2024-10-17,6.65,6.71,6.53,6.68,611990
2024-10-18,6.67,6.71,6.555,6.58,709645
2024-10-21,6.6,6.6,6.39,6.44,687541
2024-10-22,6.45,6.45,6.305,6.33,492907
2024-10-23,6.3,6.36,6.2,6.34,632225
2024-10-24,6.35,6.35,6.085,6.18,797571
2024-10-25,6.22,6.3,6.12,6.15,745956
2024-10-28,6.22,6.415,6.215,6.3002,1765158
2024-10-29,6.26,6.375,6.22,6.28,465515
2024-10-30,6.28,6.465,6.26,6.45,687992
2024-10-31,6.09,6.735,6.09,6.66,2158241
2024-11-01,6.75,7.67,6.63,7.62,3125656
2024-11-04,7.62,7.84,7.25,7.25,1060871
2024-11-05,7.71,7.8,7.5507,7.8,857494
2024-11-06,7.99,8.325,7.97,8.25,1594557
2024-11-07,8.28,8.315,8.13,8.25,794776
2024-11-08,8.15,8.26,7.995,8.05,805331
2024-11-11,8.15,8.275,8.04,8.22,562816
2024-11-12,8.31,8.31,8.06,8.14,649498
2024-11-13,8.18,8.2455,8.08,8.18,479483
2024-11-14,8.19,8.2,8.0,8.11,549080
2024-11-15,8.12,8.27,8.04,8.15,661860
2024-11-18,8.17,8.2364,8.07,8.08,390353
2024-11-19,7.93,8.15,7.89,8.11,845561
2024-11-20,8.12,8.12,7.925,8.0,508619
2024-11-21,8.05,8.125,7.95,8.12,989651
2024-11-22,8.14,8.29,8.12,8.19,421929
2024-11-25,8.25,8.3,8.14,8.14,817044
2024-11-26,8.08,8.12,7.975,8.0,390804
2024-11-27,8.0,8.14,7.905,7.94,377791
2024-11-29,7.99,8.0,7.89,7.96,384340
2024-12-02,7.96,8.73,7.96,8.72,2483844
2024-12-03,8.63,8.67,8.24,8.25,692176
2024-12-04,8.29,8.33,8.1125,8.17,423079
2024-12-05,8.16,8.25,7.975,8.0,394606
2024-12-06,8.05,8.09,7.965,8.06,382683
2024-12-09,8.12,8.38,7.82,7.82,662884
2024-12-10,7.95,8.11,7.68,8.11,612688
2024-12-11,7.77,7.82,7.635,7.82,369389
2024-12-12,7.66,7.72,7.57,7.57,353825
2024-12-13,7.51,7.65,7.25,7.25,512697
2024-12-16,7.49,7.71,7.38,7.68,1032487
2024-12-17,7.68,7.81,7.435,7.52,584088
2024-12-18,7.61,7.61,7.23,7.32,881026
2024-12-19,7.4,7.485,7.29,7.3,791831
2024-12-20,7.17,7.53,7.17,7.51,1626733
2024-12-23,7.52,7.75,7.44,7.69,791012
2024-12-24,7.73,7.73,7.525,7.61,168253
2024-12-26,7.59,7.705,7.54,7.67,501846
2024-12-27,7.69,7.71,7.425,7.52,365444
2024-12-30,7.49,7.54,7.39,7.5,186212
2024-12-31,7.53,7.775,7.5242,7.64,638062
2025-01-02,7.66,7.795,7.6,7.73,565873
2025-01-03,7.79,7.83,7.68,7.74,258033
2025-01-06,7.77,7.9,7.57,7.59,381938
2025-01-07,7.59,7.63,7.385,7.5,573619
2025-01-08,7.26,7.48,7.25,7.42,400387
2025-01-10,7.29,7.53,7.27,7.5,495235
2025-01-13,7.37,7.63,7.37,7.58,413690
2025-01-14,7.64,7.72,7.49,7.54,363927
2025-01-15,7.77,7.81,7.565,7.64,274302
2025-01-16,7.61,7.905,7.59,7.86,339052
2025-01-17,7.92,7.97,7.835,7.88,339502
2025-01-21,7.9,8.035,7.885,7.98,524905
2025-01-22,7.93,7.975,7.785,7.8,260064
2025-01-23,7.79,7.8699,7.74,7.85,299215
2025-01-24,7.64,7.89,7.6,7.78,427040
2025-01-27,7.68,7.85,7.635,7.72,426127
2025-01-28,7.72,7.905,7.66,7.67,449332
2025-01-29,7.69,7.92,7.63,7.87,384535
2025-01-30,7.92,7.92,7.8,7.83,222346
2025-01-31,7.8,7.87,7.71,7.76,600099
2025-02-03,7.62,7.775,7.585,7.7,448483
2025-02-04,7.72,7.93,7.68,7.92,388016
2025-02-05,7.94,7.975,7.89,7.94,337973
2025-02-06,7.4,8.15,7.4,8.15,477216
2025-02-07,7.99,7.995,7.78,7.85,917714
2025-02-10,7.5,8.2732,7.5,8.27,822874
2025-02-11,8.08,8.19,7.97,8.12,528769
2025-02-12,7.97,8.16,7.96,8.13,390756
2025-02-13,8.19,8.25,8.15,8.2,368626
2025-02-14,8.17,8.42,8.17,8.21,294216
2025-02-18,7.87,8.455,7.87,8.42,533046
2025-02-19,8.29,8.475,8.29,8.39,372653
2025-02-20,8.35,8.5,8.3,8.31,427964
2025-02-21,8.42,8.53,8.08,8.1,507423
2025-02-24,8.16,8.26,8.08,8.09,419522
2025-02-25,8.09,8.33,8.09,8.21,453850
2025-02-26,8.12,8.34,8.005,8.1,1078280
2025-02-27,8.05,8.05,6.705,6.93,3268756
2025-02-28,7.13,7.13,6.7301,6.78,1596707
