Date,Open,High,Low,Close,Volume
2014-01-31,17.5,19.93,17.5,19.5,666893
2014-02-03,20.0,20.0,18.8,20.0,125643
2014-02-04,19.5,19.5,18.7,19.0,161721
2014-02-05,19.75,19.75,18.0,18.46,57542
2014-02-06,18.81,18.98,16.75,16.89,218840
2014-02-07,17.83,17.83,15.8,16.795,59261
2014-02-10,16.925,17.45,16.6,16.98,79300
2014-02-11,16.6,17.0,16.512,16.77,108462
2014-02-12,16.94,17.015,16.65,16.99,47738
2014-02-13,16.87,17.0,16.79,16.99,41017
2014-02-14,16.86,17.0,16.51,16.8,39181
2014-02-18,16.66,17.0,16.5,16.88,33024
2014-02-19,16.95,17.0,16.51,16.51,38614
2014-02-20,16.85,16.85,16.25,16.3,41277
2014-02-21,16.48,16.48,16.14,16.24,15152
2014-02-24,16.29,16.91,16.29,16.77,55542
2014-02-25,16.72,16.85,16.39,16.67,37143
2014-02-26,16.85,16.9,16.38,16.5,78379
2014-02-27,16.49,16.6,16.29,16.59,66876
2014-02-28,16.39,17.37,15.9,16.23,39370
2014-03-03,17.575,17.575,16.0,16.98,65818
2014-03-04,16.93,18.19,16.92,17.6,68071
2014-03-05,17.7,18.4,16.34,17.44,130507
2014-03-06,17.99,18.58,17.598,18.3,87679
2014-03-07,18.34,19.5,18.0,19.12,86126
2014-03-10,19.5,19.78,18.75,19.59,74972
2014-03-11,19.66,20.5,19.6,20.09,125911
2014-03-12,20.29,20.97,19.26,20.25,97542
2014-03-13,20.3,21.264,19.85,20.25,82445
2014-03-14,20.24,20.502,19.32,20.0,66882
2014-03-17,19.67,20.467,17.75,18.28,121274
2014-03-18,18.26,19.49,18.06,19.35,140585
2014-03-19,19.357,19.66,19.01,19.39,72950
2014-03-20,19.31,20.0,19.31,19.78,57077
2014-03-21,19.8,19.8,17.3,18.556,506557
2014-03-24,18.43,19.135,17.36,18.98,42079
2014-03-25,19.04,19.04,18.11,18.73,79212
2014-03-26,18.81,18.986,17.7,17.92,48067
2014-03-27,17.5,18.915,16.02,18.7,19328
2014-03-28,18.298,19.0,18.29,18.59,16444
2014-03-31,18.66,18.88,17.95,18.18,63160
2014-04-01,18.27,19.0,16.11,19.0,33910
2014-04-02,18.618,19.2,18.59,19.0,51133
2014-04-03,18.95,18.99,17.71,18.42,36602
2014-04-04,18.39,19.0,16.98,17.17,63310
2014-04-07,17.12,17.89,15.95,17.49,50934
2014-04-08,17.51,17.51,16.1,16.5,41434
2014-04-09,16.642,18.61,16.642,18.36,47548
2014-04-10,18.43,19.0,17.99,18.26,61842
2014-04-11,17.15,18.0,16.89,17.49,43921
2014-04-14,17.5,18.2,16.67,16.77,40803
2014-04-15,16.85,16.92,15.78,16.21,42175
2014-04-16,16.8,16.9,15.28,15.72,39304
2014-04-17,17.29,17.29,15.71,16.15,42721
2014-04-21,16.1,16.625,15.46,16.1,60193
2014-04-22,15.5,16.1,15.46,15.77,64105
2014-04-23,15.77,16.58,15.75,16.25,53757
2014-04-24,16.34,16.91,15.92,16.31,36526
2014-04-25,16.69,16.69,16.0,16.22,40878
2014-04-28,16.27,17.36,16.01,16.95,115989
2014-04-29,17.1,17.256,16.27,16.54,76569
2014-04-30,16.48,16.93,16.42,16.7,23446
2014-05-01,16.66,16.862,16.41,16.5,61540
2014-05-02,16.41,16.6,15.65,16.08,56909
2014-05-05,15.83,15.95,15.16,15.58,31278
2014-05-06,15.73,15.93,15.185,15.75,35650
2014-05-07,15.7,16.13,15.33,15.42,32071
2014-05-08,15.21,16.46,15.175,16.27,37403
2014-05-09,16.2,16.87,15.75,15.95,43008
2014-05-12,15.87,16.33,15.54,15.8,47298
2014-05-13,15.77,16.11,14.95,15.35,86260
2014-05-14,15.39,15.9,15.05,15.77,38491
2014-05-15,15.77,16.2,15.55,15.95,96641
2014-05-16,15.9,16.04,15.78,15.81,46685
2014-05-19,15.67,16.12,15.17,15.601,64746
2014-05-20,15.51,15.6,14.76,15.284,28814
2014-05-21,15.1,15.5,14.7,14.87,76012
2014-05-22,14.93,15.14,14.92,14.95,34226
2014-05-23,15.0,15.33,14.55,15.156,48648
2014-05-27,15.0,15.19,14.84,15.059,64260
2014-05-28,14.94,15.29,14.535,15.085,41642
2014-05-29,15.06,15.45,14.77,15.0,59085
2014-05-30,15.09,15.48,14.65,15.15,141780
2014-06-02,15.15,15.23,14.93,14.93,46277
2014-06-03,14.9,15.44,14.74,15.0,61411
2014-06-04,15.15,16.65,14.86,16.37,68733
2014-06-05,16.42,16.98,15.13,16.52,83707
2014-06-06,16.58,16.89,16.0,16.31,22586
2014-06-09,16.01,17.35,16.01,16.64,38469
2014-06-10,16.56,16.8,15.67,16.79,21605
2014-06-11,16.64,16.895,16.51,16.82,23853
2014-06-12,16.85,16.85,16.6,16.76,38884
2014-06-13,15.75,17.0,15.75,16.89,21700
2014-06-16,16.93,17.108,16.23,16.73,64851
2014-06-17,16.34,16.88,16.1,16.81,31264
2014-06-18,16.85,19.32,16.76,18.28,196362
2014-06-19,17.15,18.8,17.12,18.52,158350
2014-06-20,18.61,19.6,17.99,19.262,195628
2014-06-23,18.87,19.1,16.14,18.95,133913
2014-06-24,18.81,18.81,17.63,17.79,76597
2014-06-25,17.53,18.02,16.81,17.17,94537
2014-06-26,16.84,17.61,16.7,17.39,39055
2014-06-27,17.18,18.01,16.45,17.147,2240487
2014-06-30,17.26,17.26,16.3,16.858,106800
2014-07-01,16.66,17.14,16.19,16.973,87452
2014-07-02,16.9,17.24,16.645,17.167,53073
2014-07-03,17.18,17.18,16.76,16.952,15170
2014-07-07,16.9,17.24,16.49,16.91,40786
2014-07-08,16.82,17.0,16.08,16.163,55269
2014-07-09,16.18,16.18,15.54,15.913,9594
2014-07-10,15.71,15.71,14.79,15.14,44742
2014-07-11,15.06,15.44,14.535,15.26,51721
2014-07-14,15.36,15.36,14.62,15.273,59408
2014-07-15,15.22,15.26,14.98,15.09,53409
2014-07-16,15.15,15.2,14.04,14.308,120289
2014-07-17,14.2,14.75,14.108,14.318,75117
2014-07-18,14.17,14.68,14.12,14.4,119487
2014-07-21,14.31,14.38,14.011,14.248,63202
2014-07-22,14.22,14.5,14.17,14.33,64454
2014-07-23,14.32,14.51,14.18,14.3,36459
2014-07-24,14.28,14.56,14.12,14.341,42393
2014-07-25,14.17,14.29,13.5,13.72,42297
2014-07-28,13.71,14.56,13.26,13.34,22386
2014-07-29,13.31,14.2,13.31,13.86,29770
2014-07-30,13.96,14.86,13.9,14.79,47424
2014-07-31,14.62,14.97,14.35,14.488,20612
2014-08-01,14.55,14.92,14.0,14.78,36734
2014-08-04,14.88,16.5,14.88,15.86,55968
2014-08-05,15.8,16.462,14.78,15.34,58614
2014-08-06,15.23,16.216,14.62,15.23,21049
2014-08-07,16.224,16.224,14.1,14.33,10687
2014-08-08,14.26,15.54,14.26,15.27,31947
2014-08-11,15.36,16.0,15.36,15.883,48366
2014-08-12,15.77,16.63,15.69,15.98,95340
2014-08-13,15.98,17.98,15.98,17.69,57888
2014-08-14,17.64,18.99,17.42,18.19,48183
2014-08-15,18.51,19.77,18.015,18.38,55627
2014-08-18,18.57,18.96,17.65,17.986,110132
2014-08-19,18.09,18.09,16.59,17.29,62706
2014-08-20,17.16,17.59,15.22,15.55,108774
2014-08-21,15.51,15.55,14.515,14.967,60060
2014-08-22,14.91,15.806,14.59,15.62,208076
2014-08-25,15.61,16.26,15.61,15.902,24747
2014-08-26,15.77,15.91,15.08,15.187,65077
2014-08-27,15.102,15.31,14.67,14.83,25869
2014-08-28,14.75,14.9,14.24,14.31,22644
2014-08-29,14.3,14.44,13.901,14.217,41960
2014-09-02,14.19,14.59,13.8,14.44,57708
2014-09-03,14.99,15.2,14.25,14.31,23352
2014-09-04,14.37,14.92,14.37,14.63,6014
2014-09-05,14.53,14.8,14.48,14.68,5842
2014-09-08,14.78,15.0,14.58,14.722,27195
2014-09-09,14.95,14.95,14.17,14.22,12284
2014-09-10,14.18,14.8,14.11,14.62,18005
2014-09-11,14.76,15.0,14.52,14.79,21648
2014-09-12,14.75,14.8,14.27,14.29,14097
2014-09-15,14.62,15.35,13.94,14.218,73921
2014-09-16,14.16,14.35,14.03,14.13,23379
2014-09-17,14.1,14.51,14.03,14.138,24253
2014-09-18,14.21,14.68,14.2,14.453,47466
2014-09-19,14.47,14.76,13.58,13.792,111660
2014-09-22,13.74,13.97,13.1,13.123,53747
2014-09-23,13.12,13.68,12.67,13.08,32147
2014-09-24,13.08,13.88,13.08,13.76,18009
2014-09-25,13.76,14.0,13.12,13.21,25206
2014-09-26,13.24,14.73,13.24,14.47,24590
2014-09-29,14.26,14.54,13.93,14.508,24185
2014-09-30,14.45,14.9,13.65,13.714,75495
2014-10-01,13.75,14.23,13.52,13.61,27984
2014-10-02,14.322,14.322,13.37,14.073,28420
2014-10-03,14.2,15.0,13.75,14.792,63345
2014-10-06,14.78,15.0,14.6,14.84,32577
2014-10-07,14.68,15.06,14.3,14.5,28880
2014-10-08,14.51,15.0,14.16,14.99,34921
2014-10-09,14.92,14.99,14.31,14.538,19003
2014-10-10,14.37,14.88,14.33,14.34,31933
2014-10-13,14.37,15.0,14.37,14.72,33401
2014-10-14,14.52,14.77,14.09,14.57,67823
2014-10-15,14.36,15.0,14.06,14.962,43862
2014-10-16,14.71,16.11,14.71,16.052,39698
2014-10-17,16.31,16.47,15.37,15.88,39942
2014-10-20,15.73,16.358,15.46,16.04,28390
2014-10-21,16.09,17.275,15.01,15.577,46800
2014-10-22,15.34,15.465,15.14,15.19,17656
2014-10-23,15.39,15.52,14.85,14.892,38061
2014-10-24,14.94,14.98,14.65,14.75,13996
2014-10-27,14.64,15.116,14.51,14.92,12013
2014-10-28,14.96,15.5,14.89,15.382,36486
2014-10-29,15.2,15.2,14.864,15.02,18695
2014-10-30,14.91,15.16,14.91,15.102,23767
2014-10-31,15.49,15.78,14.83,15.5,40811
2014-11-03,15.2,15.488,14.688,15.16,34831
2014-11-04,15.01,15.6,15.01,15.06,25508
2014-11-05,15.45,15.45,14.77,15.19,20017
2014-11-06,15.28,15.5,15.0,15.472,39017
2014-11-07,15.46,15.46,15.08,15.26,27070
2014-11-10,15.23,15.77,14.92,15.743,42105
2014-11-11,15.68,15.68,15.13,15.55,45392
2014-11-12,15.4,15.44,15.01,15.197,39125
2014-11-13,15.04,15.315,15.03,15.24,22850
2014-11-14,15.25,15.25,14.94,15.15,13533
2014-11-17,14.84,14.94,13.9,13.96,23317
2014-11-18,14.09,14.44,14.09,14.266,15240
2014-11-19,14.28,14.89,14.25,14.468,12851
2014-11-20,14.45,14.88,14.45,14.8,11222
2014-11-21,15.1,15.1,14.676,14.822,33023
2014-11-24,14.826,15.14,14.826,15.122,11216
2014-11-25,15.2,15.418,14.96,14.981,15251
2014-11-26,15.0,15.38,14.9,15.19,23396
2014-11-28,15.15,15.18,14.35,14.368,19233
2014-12-01,14.5,15.45,14.41,15.34,203654
2014-12-02,15.42,15.55,14.92,15.45,14388
2014-12-03,15.41,16.43,15.383,16.35,18152
2014-12-04,16.29,16.55,15.775,16.252,12712
2014-12-05,16.28,16.76,16.28,16.67,10723
2014-12-08,16.67,17.24,16.67,16.978,32942
2014-12-09,16.77,16.96,16.2,16.81,79880
2014-12-10,16.67,16.9,16.298,16.298,32224
2014-12-11,16.39,16.81,16.08,16.26,17104
2014-12-12,16.0,16.19,15.69,15.793,21632
2014-12-15,15.7,16.06,15.44,15.668,27667
2014-12-16,15.38,15.99,15.38,15.75,26086
2014-12-17,15.51,17.0,15.46,16.882,36874
2014-12-18,17.0,17.55,16.89,17.312,58891
2014-12-19,17.16,17.316,16.5,16.73,88078
2014-12-22,16.69,17.19,16.52,17.03,24128
2014-12-23,17.27,18.0,16.99,17.696,23990
2014-12-24,17.97,18.0,17.57,17.99,6948
2014-12-26,17.99,19.0,17.87,18.962,17099
2014-12-29,18.91,18.94,18.03,18.91,19850
2014-12-30,18.96,18.96,17.9,18.0,35724
2014-12-31,18.0,18.24,17.58,17.65,29148
2015-01-02,17.91,17.91,17.36,17.57,22330
2015-01-05,17.32,17.7,17.32,17.382,30784
2015-01-06,17.67,17.69,16.73,17.0,29061
2015-01-07,16.87,16.87,16.29,16.452,20109
2015-01-08,16.62,17.7,16.53,17.366,52463
2015-01-09,17.24,17.28,16.88,16.96,13418
2015-01-12,17.1,18.855,17.1,18.11,87465
2015-01-13,18.35,18.35,16.82,18.13,38392
2015-01-14,17.95,20.896,17.95,20.35,82409
2015-01-15,20.43,21.562,19.29,19.468,44644
2015-01-16,19.37,21.57,18.85,21.45,37290
2015-01-20,21.38,22.33,19.69,20.188,99978
2015-01-21,20.3,21.2,19.35,19.75,187655
2015-01-22,20.0,20.47,19.243,19.93,35714
2015-01-23,20.25,20.25,19.81,19.86,32071
2015-01-26,19.8,20.59,19.26,20.51,45303
2015-01-27,20.27,20.865,20.05,20.29,35340
2015-01-28,20.62,20.62,19.78,19.82,40850
2015-01-29,19.93,20.62,19.71,20.51,39933
2015-01-30,20.26,20.28,19.36,19.42,45229
2015-02-02,19.73,20.2,19.22,19.99,39492
2015-02-03,20.0,20.08,19.62,19.97,18967
2015-02-04,19.91,19.91,18.94,18.996,30565
2015-02-05,19.07,19.14,18.83,18.99,34271
2015-02-06,19.0,19.69,18.84,18.89,27150
2015-02-09,18.75,19.3,18.5,18.52,12537
2015-02-10,18.75,19.22,18.64,19.1,12568
2015-02-11,18.99,19.75,18.85,19.68,33317
2015-02-12,20.01,22.63,20.01,22.08,103744
2015-02-13,22.2,24.81,22.01,24.65,89888
2015-02-17,24.96,26.88,24.19,25.58,59394
2015-02-18,25.71,30.72,25.69,28.57,204623
2015-02-19,29.0,29.0,25.59,26.38,102073
2015-02-20,26.48,26.48,25.23,25.65,72367
2015-02-23,25.51,26.15,25.13,25.408,83088
2015-02-24,25.41,28.5,24.02,24.31,61903
2015-02-25,24.39,26.529,24.2,26.0,66529
2015-02-26,25.88,26.09,25.34,25.985,28949
2015-02-27,25.86,26.29,24.5,24.85,70418
2015-03-02,24.95,26.0,24.95,25.93,45544
2015-03-03,25.89,26.24,25.39,25.73,24697
2015-03-04,25.5,25.5,23.55,24.2,77460
2015-03-05,24.0,25.24,23.7,24.67,131427
2015-03-06,24.63,24.95,23.39,23.8,1469906
2015-03-09,24.32,24.54,23.83,24.22,319169
2015-03-10,23.78,26.0,23.07,24.457,550220
2015-03-11,24.76,24.97,24.16,24.71,175083
2015-03-12,24.98,25.09,22.86,23.15,186148
2015-03-13,23.64,24.17,22.74,23.476,357231
2015-03-16,23.7,24.47,23.025,24.0,397064
2015-03-17,24.33,25.74,23.67,24.162,512358
2015-03-18,24.35,24.69,24.1,24.57,233079
2015-03-19,24.57,27.06,24.2,26.34,404762
2015-03-20,27.0,28.95,26.35,27.64,1377486
2015-03-23,27.36,28.684,26.09,27.5,402296
2015-03-24,27.33,28.62,27.0,27.89,203463
2015-03-25,27.98,29.02,26.22,26.64,264233
2015-03-26,26.44,27.316,24.32,25.08,304634
2015-03-27,25.2,25.95,24.87,25.28,186028
2015-03-30,25.55,25.58,24.34,24.73,228771
2015-03-31,24.6,24.69,23.71,23.877,409474
2015-04-01,23.85,24.16,22.7,24.16,185996
2015-04-02,24.11,24.5,23.53,23.68,84429
2015-04-06,23.49,24.17,23.17,23.43,72668
2015-04-07,23.47,24.91,23.47,24.16,135026
2015-04-08,24.07,24.58,23.96,24.28,140447
2015-04-09,24.28,24.45,22.8,23.83,162851
2015-04-10,24.02,24.1,23.26,23.98,80431
2015-04-13,23.99,24.17,22.94,23.02,179388
2015-04-14,23.43,24.893,23.43,24.805,738119
2015-04-15,25.0,25.16,23.9,24.45,177812
2015-04-16,24.18,25.22,24.18,24.95,319805
2015-04-17,24.58,24.594,23.39,24.36,192257
2015-04-20,24.64,25.2,24.21,24.38,322514
2015-04-21,24.59,25.05,24.27,24.59,100315
2015-04-22,24.5,24.83,23.12,23.78,214398
2015-04-23,23.78,24.7,23.57,23.965,86325
2015-04-24,24.05,24.06,22.34,22.71,121184
2015-04-27,23.0,23.133,20.485,21.03,254582
2015-04-28,21.0,21.303,19.86,20.64,196015
2015-04-29,20.51,20.75,20.03,20.47,143681
2015-04-30,20.48,21.23,20.25,20.45,254412
2015-05-01,20.72,21.68,20.56,21.48,209050
2015-05-04,21.53,22.81,21.46,22.16,237513
2015-05-05,22.15,22.524,20.64,21.02,243313
2015-05-06,21.83,23.22,21.06,21.37,314065
2015-05-07,21.37,22.17,20.88,21.86,123834
2015-05-08,22.21,22.524,21.56,21.91,104227
2015-05-11,22.0,23.26,21.92,22.82,168031
2015-05-12,23.04,23.04,22.105,22.8,105637
2015-05-13,22.81,23.06,22.27,22.4,77203
2015-05-14,22.56,23.4,22.02,23.18,101807
2015-05-15,23.07,23.44,22.54,22.91,111399
2015-05-18,23.99,24.61,23.045,24.17,175218
2015-05-19,24.11,24.74,23.4,24.26,147791
2015-05-20,24.3,24.7,23.2,24.35,172748
2015-05-21,24.35,25.13,24.08,24.74,279879
2015-05-22,24.95,25.77,24.73,24.99,141273
2015-05-26,24.85,24.86,24.0,24.21,146469
2015-05-27,24.23,26.135,24.13,25.89,180056
2015-05-28,25.75,26.99,24.0,26.7,190434
2015-05-29,26.45,27.23,26.01,26.244,321544
2015-06-01,26.59,27.01,25.8,26.58,219224
2015-06-02,26.46,27.306,26.32,26.77,216518
2015-06-03,26.9,27.12,26.74,26.88,207115
2015-06-04,26.7,27.5,26.7,26.99,197770
2015-06-05,26.98,27.39,26.28,27.19,175289
2015-06-08,27.01,27.62,26.62,27.2,126557
2015-06-09,27.33,28.23,26.86,28.15,243801
2015-06-10,28.22,28.25,27.0,27.65,151055
2015-06-11,27.83,28.419,27.49,28.33,180040
2015-06-12,28.24,28.76,28.05,28.51,197753
2015-06-15,28.45,28.46,25.99,26.33,268537
2015-06-16,26.44,26.77,26.3,26.58,174307
2015-06-17,26.81,27.91,26.51,27.22,282050
2015-06-18,27.44,29.0,27.24,27.31,277215
2015-06-19,27.42,30.52,27.17,30.0,440366
2015-06-22,30.44,33.9,30.02,33.42,711332
2015-06-23,33.75,35.45,33.0,33.0,503643
2015-06-24,33.0,34.36,31.7,31.95,258801
2015-06-25,32.0,32.848,31.05,31.92,114066
2015-06-26,32.0,32.05,31.01,31.59,189325
2015-06-29,31.51,31.928,30.47,30.94,185822
2015-06-30,31.24,32.0,30.67,31.95,153955
2015-07-01,32.0,32.5,31.1,31.46,183474
2015-07-02,31.51,31.799,29.78,31.15,261173
2015-07-06,30.54,34.48,30.33,34.05,355038
2015-07-07,33.55,34.45,32.49,33.71,332328
2015-07-08,33.36,34.29,32.17,32.98,298977
2015-07-09,33.51,34.17,32.67,33.06,332452
2015-07-10,33.52,36.17,33.25,34.755,662319
2015-07-13,35.5,37.0,34.82,35.8,344648
2015-07-14,35.5,36.67,35.37,35.54,292898
2015-07-15,34.86,37.81,33.46,35.96,570698
2015-07-16,36.39,37.08,35.3,36.31,263567
2015-07-17,35.2,36.5,32.79,33.07,553571
2015-07-20,33.75,34.1,28.72,30.1,1205422
2015-07-21,28.85,30.35,28.61,28.97,363736
2015-07-22,28.95,31.172,28.29,30.71,480607
2015-07-23,30.4,30.78,29.52,29.6,262410
2015-07-24,29.64,30.539,29.06,29.15,176706
2015-07-27,28.77,29.43,28.16,28.52,302365
2015-07-28,28.82,31.51,28.4,31.22,404983
2015-07-29,31.17,31.45,28.97,29.42,348322
2015-07-30,29.2,30.12,28.33,29.33,182880
2015-07-31,29.54,31.08,28.5,29.1,667704
2015-08-03,29.21,30.59,29.205,29.58,334757
2015-08-04,29.6,29.82,28.48,29.18,244649
2015-08-05,29.29,30.95,28.76,29.0,285017
2015-08-06,30.0,32.4,30.0,31.43,482408
2015-08-07,31.19,31.33,29.55,30.98,212180
2015-08-10,31.31,31.99,30.29,30.6,310736
2015-08-11,30.23,32.28,29.83,30.33,412567
2015-08-12,29.85,31.449,29.231,31.11,370226
2015-08-13,31.04,31.71,26.83,27.57,412650
2015-08-14,29.87,30.6,28.87,29.57,314407
2015-08-17,29.54,31.68,29.41,31.35,463748
2015-08-18,31.44,31.715,30.13,30.23,326544
2015-08-19,30.0,30.75,29.195,29.86,297050
2015-08-20,29.46,30.16,28.37,28.45,389948
2015-08-21,27.58,30.3,27.25,28.5,551038
2015-08-24,27.45,28.06,21.19,25.85,620467
2015-08-25,27.31,27.31,25.47,25.63,635498
2015-08-26,26.49,26.52,24.44,25.98,666522
2015-08-27,25.98,27.697,25.34,25.96,410864
2015-08-28,25.96,27.06,25.469,26.96,412474
2015-08-31,26.56,27.99,26.43,26.79,437098
2015-09-01,26.15,30.99,25.83,27.32,870066
2015-09-02,27.5,27.98,25.42,27.35,1047231
2015-09-03,27.61,28.58,26.12,26.47,499935
2015-09-04,26.09,27.36,26.04,27.12,287416
2015-09-08,27.54,27.74,26.39,27.54,240600
2015-09-09,27.5,27.84,25.31,25.5,244781
2015-09-10,25.5,26.4,25.21,26.24,233599
2015-09-11,26.04,26.46,25.65,26.23,170993
2015-09-14,26.16,26.94,25.72,26.7,256746
2015-09-15,26.66,26.95,25.62,26.11,186263
2015-09-16,31.01,49.75,30.0,49.07,13037389
2015-09-17,49.77,59.23,49.28,59.23,4434741
2015-09-18,58.0,60.79,53.99,55.6,4647842
2015-09-21,55.6,57.22,48.5,49.51,1708653
2015-09-22,49.39,50.83,44.3,45.4,2148425
2015-09-23,44.9,49.37,43.55,47.86,6288757
2015-09-24,47.01,48.0,44.21,46.6,1326341
2015-09-25,47.0,47.82,41.26,41.45,1124656
2015-09-28,41.27,41.27,35.185,36.83,1869949
2015-09-29,37.79,41.388,36.3,37.5,1450913
2015-09-30,38.5,40.71,37.55,40.25,1555698
2015-10-01,39.59,41.92,38.48,39.41,898448
2015-10-02,38.54,43.59,37.75,43.248,1079703
2015-10-05,43.72,44.57,41.17,43.32,550739
2015-10-06,43.04,43.04,38.198,39.13,612042
2015-10-07,39.73,42.11,38.04,41.83,615563
2015-10-08,41.63,42.75,40.601,42.13,603332
2015-10-09,41.81,44.94,40.8,43.85,543605
2015-10-12,43.41,45.95,42.53,44.65,493628
2015-10-13,44.87,45.672,41.32,41.69,618615
2015-10-14,42.16,42.76,38.32,41.39,865103
2015-10-15,41.2,43.066,40.91,42.98,839169
2015-10-16,42.92,43.52,41.685,43.45,255613
2015-10-19,43.2,45.41,42.315,43.92,198029
2015-10-20,43.62,44.67,41.86,43.37,407551
2015-10-21,43.67,44.44,41.18,42.84,337994
2015-10-22,42.98,44.46,41.75,43.34,530444
2015-10-23,44.19,47.81,43.58,46.89,542683
2015-10-26,47.03,48.16,46.04,47.21,352976
2015-10-27,47.24,50.18,47.06,49.37,410549
2015-10-28,49.67,52.96,48.5,52.18,522790
2015-10-29,52.39,54.77,50.58,51.44,451154
2015-10-30,51.07,52.5,46.9,47.85,973067
2015-11-02,48.0,52.98,47.24,52.49,467347
2015-11-03,52.15,54.13,51.11,53.15,497688
2015-11-04,53.41,58.34,51.22,58.34,289572
2015-11-05,52.05,53.77,49.9,52.88,488475
2015-11-06,53.34,53.65,48.52,50.86,683645
2015-11-09,51.11,51.89,50.06,51.5,501881
2015-11-10,51.08,56.595,50.76,55.5,716585
2015-11-11,56.28,56.28,51.8,52.73,242175
2015-11-12,52.0,52.0,48.09,48.6,394507
2015-11-13,48.45,49.925,47.75,48.71,436826
2015-11-16,48.97,50.99,47.295,49.12,254969
2015-11-17,49.52,50.66,47.87,49.47,219447
2015-11-18,49.5,51.99,49.08,51.74,206651
2015-11-19,52.22,52.844,50.8,51.56,192934
2015-11-20,51.82,54.06,51.41,52.21,315648
2015-11-23,52.0,57.01,52.0,55.87,408882
2015-11-24,55.6,57.74,54.59,57.46,256398
2015-11-25,57.18,58.86,57.18,58.23,560850
2015-11-27,58.28,59.96,57.72,58.76,182010
2015-11-30,58.76,59.76,52.35,53.33,375942
2015-12-01,53.59,55.75,52.15,55.72,430901
2015-12-02,55.63,57.165,54.14,55.22,451836
2015-12-03,55.23,56.12,53.15,54.01,273975
2015-12-04,54.0,57.04,53.91,56.9,405633
2015-12-07,56.94,57.82,51.16,52.02,391116
2015-12-08,51.67,55.83,51.52,54.77,374987
2015-12-09,54.42,54.93,48.72,50.35,320906
2015-12-10,52.1,55.47,51.8,55.39,345261
2015-12-11,54.35,55.26,52.6,53.52,312385
2015-12-14,53.44,53.44,49.43,50.8,343518
2015-12-15,50.76,53.25,50.76,53.14,354613
2015-12-16,53.58,56.24,52.29,56.07,225054
2015-12-17,56.11,56.63,53.99,54.6,285714
2015-12-18,53.93,55.76,53.69,53.91,1074525
2015-12-21,54.59,54.59,52.64,53.9,133971
2015-12-22,54.28,54.28,51.36,52.66,279290
2015-12-23,52.45,55.62,52.37,54.47,180351
2015-12-24,54.62,55.02,53.68,54.51,75469
2015-12-28,54.41,56.475,54.02,56.39,164926
2015-12-29,57.28,57.55,54.91,55.76,283146
2015-12-30,55.32,56.758,54.02,55.21,196018
2015-12-31,54.65,55.2,53.73,53.79,143839
2016-01-04,52.18,53.99,51.23,53.63,469753
2016-01-05,53.91,55.35,53.45,54.32,297397
2016-01-06,53.32,54.32,48.304,49.21,501439
2016-01-07,48.05,48.28,46.513,47.42,352980
2016-01-08,47.73,53.04,43.88,45.35,456604
2016-01-11,46.02,46.145,42.16,42.84,420821
2016-01-12,43.4,45.48,40.8,42.96,358461
2016-01-13,42.91,46.36,39.37,40.23,406149
2016-01-14,40.36,44.4,39.31,43.48,434009
2016-01-15,41.41,47.18,41.04,45.41,531374
2016-01-19,46.03,46.26,43.525,44.6,475917
2016-01-20,43.69,46.33,42.24,44.43,357339
2016-01-21,44.43,44.705,41.25,41.58,460376
2016-01-22,42.91,44.22,40.19,42.56,331140
2016-01-25,42.07,43.8,41.0,41.74,325899
2016-01-26,42.14,42.71,40.17,41.59,175827
2016-01-27,41.53,42.1,37.9,37.9,373685
2016-01-28,39.6,40.06,36.34,37.54,311335
2016-01-29,37.59,39.09,35.278,37.078,508123
2016-02-01,36.62,37.3,35.14,36.25,431314
2016-02-02,35.54,36.16,32.4,32.57,541795
2016-02-03,33.32,33.797,30.37,32.4,641095
2016-02-04,32.03,35.47,31.12,32.61,516944
2016-02-05,32.11,32.595,28.52,28.6,555232
2016-02-08,27.33,28.0,24.838,25.84,957535
2016-02-09,25.16,28.629,25.16,26.52,592221
2016-02-10,26.59,28.56,25.96,26.1,482547
2016-02-11,25.49,27.25,24.58,26.61,439482
2016-02-12,27.35,27.65,25.58,26.19,489868
2016-02-16,26.83,28.48,26.265,27.9,568282
2016-02-17,28.57,31.778,27.8,30.51,852477
2016-02-18,30.77,31.04,29.6,29.85,472555
2016-02-19,29.53,31.04,26.76,30.47,448532
2016-02-22,31.08,33.27,30.47,32.56,423977
2016-02-23,32.83,34.03,29.42,30.06,645093
2016-02-24,30.06,30.73,28.04,30.18,768794
2016-02-25,30.4,32.64,27.44,27.71,982790
2016-02-26,27.99,31.21,27.52,30.4,919321
2016-02-29,30.11,30.395,27.85,28.56,797932
2016-03-01,28.77,29.83,27.31,29.82,1055340
2016-03-02,29.82,31.521,29.27,31.22,1024978
2016-03-03,31.11,31.49,30.08,30.73,407089
2016-03-04,30.85,31.193,28.98,29.27,498328
2016-03-07,29.12,31.98,28.63,29.27,522115
2016-03-08,31.43,31.565,29.38,29.47,410318
2016-03-09,29.61,30.01,27.26,27.82,552410
2016-03-10,28.21,29.57,26.02,26.84,511529
2016-03-11,27.19,28.3,26.3,28.3,553132
2016-03-14,27.61,28.33,26.88,27.71,377769
2016-03-15,27.01,27.579,25.07,26.06,464477
2016-03-16,25.9,26.69,24.68,25.25,304569
2016-03-17,25.04,25.89,23.08,23.6,742677
2016-03-18,23.52,24.4,22.41,24.16,1117669
2016-03-21,24.79,27.01,24.39,26.15,705821
2016-03-22,25.8,28.23,25.61,27.26,687591
2016-03-23,27.31,27.59,25.734,26.22,463267
2016-03-24,25.96,25.96,24.35,25.58,551482
2016-03-28,25.89,27.79,25.89,26.06,467137
2016-03-29,25.95,28.64,25.61,28.6,532198
2016-03-30,28.84,29.18,27.4,27.7,479683
2016-03-31,27.7,28.77,26.91,27.79,464983
2016-04-01,27.44,28.542,27.13,28.25,354873
2016-04-04,28.26,30.95,28.26,30.52,577637
2016-04-05,30.01,31.22,29.26,30.52,478259
2016-04-06,30.93,34.87,30.1,34.45,962779
2016-04-07,34.35,35.73,33.97,34.8,670890
2016-04-08,35.5,35.879,33.38,34.28,432621
2016-04-11,34.81,34.81,32.86,33.06,339310
2016-04-12,32.93,33.67,32.12,33.38,256266
2016-04-13,33.5,34.6,32.88,34.36,263302
2016-04-14,34.42,36.15,33.92,35.51,372538
2016-04-15,35.29,36.11,34.99,35.34,346001
2016-04-18,34.99,37.38,34.99,36.85,380569
2016-04-19,36.95,37.61,35.52,36.14,267583
2016-04-20,36.15,36.595,34.772,35.63,204668
2016-04-21,36.3,37.915,35.14,37.13,410701
2016-04-22,37.28,38.18,36.76,37.98,394646
2016-04-25,37.35,38.416,36.84,37.41,298867
2016-04-26,37.41,40.2,35.59,36.0,255765
2016-04-27,36.5,36.88,34.52,36.72,445239
2016-04-28,38.0,38.0,33.65,34.29,429758
2016-04-29,34.9,35.08,33.77,34.319,255498
2016-05-02,34.62,35.24,34.13,35.08,243190
2016-05-03,34.68,36.25,34.34,35.07,309804
2016-05-04,34.64,34.99,32.07,32.21,308028
2016-05-05,32.33,32.6,30.45,31.25,410326
2016-05-06,30.72,31.77,30.16,30.99,230188
2016-05-09,31.17,33.79,30.98,33.14,285566
2016-05-10,33.14,33.95,32.2,33.44,233555
2016-05-11,33.34,34.0,32.13,32.33,222377
2016-05-12,32.22,32.513,30.67,31.63,236935
2016-05-13,31.63,33.49,31.63,32.43,234637
2016-05-16,32.76,34.85,32.5,34.5,240645
2016-05-17,34.52,35.3,33.51,33.71,320917
2016-05-18,33.6,35.45,33.48,34.59,295945
2016-05-19,34.43,35.42,33.43,34.22,289199
2016-05-20,34.51,35.65,33.92,35.23,304442
2016-05-23,35.24,36.77,34.52,36.626,510094
2016-05-24,37.33,37.33,35.88,36.91,315855
2016-05-25,37.26,37.8,36.41,36.95,265383
2016-05-26,36.88,37.28,35.43,36.93,279905
2016-05-27,37.15,37.67,36.08,37.33,353181
2016-05-31,37.71,39.11,37.37,38.7,316177
2016-06-01,38.6,40.05,38.22,39.45,273105
2016-06-02,40.08,41.29,39.45,40.49,294052
2016-06-03,40.13,40.53,38.32,39.94,340084
2016-06-06,40.3,41.72,39.84,40.91,272262
2016-06-07,40.58,41.543,39.55,39.89,250151
2016-06-08,40.96,42.025,40.17,41.15,190500
2016-06-09,40.7,41.9,40.44,41.31,343495
2016-06-10,40.64,41.91,39.61,40.29,407294
2016-06-13,39.99,41.58,38.75,39.21,665695
2016-06-14,39.04,39.98,37.73,38.35,496016
2016-06-15,38.72,40.0,38.32,39.17,389991
2016-06-16,38.82,39.615,37.94,39.21,245299
2016-06-17,39.22,39.61,36.86,37.43,1223583
2016-06-20,37.81,39.85,37.34,38.67,555207
2016-06-21,38.59,38.6,35.9,36.61,516116
2016-06-22,36.74,36.98,35.05,35.91,505928
2016-06-23,36.55,37.75,35.85,37.74,298370
2016-06-24,36.02,37.4,35.23,36.374,1212156
2016-06-27,35.95,37.2,33.96,34.66,589405
2016-06-28,35.0,37.577,34.21,35.8,445020
2016-06-29,36.36,37.83,36.36,37.43,571642
2016-06-30,37.48,38.9,37.02,38.82,564241
2016-07-01,38.83,40.28,38.07,39.68,404210
2016-07-05,39.37,39.46,38.06,38.93,257029
2016-07-06,38.66,39.98,38.51,39.49,226627
2016-07-07,39.74,39.848,38.6,39.67,346423
2016-07-08,39.99,40.76,39.137,40.64,266086
2016-07-11,40.91,41.27,40.26,41.0,172369
2016-07-12,41.41,42.18,41.0,41.45,243910
2016-07-13,41.65,41.97,39.39,39.77,278260
2016-07-14,40.32,40.32,37.7,38.9,300942
2016-07-15,38.95,39.74,38.47,39.66,199348
2016-07-18,39.58,40.0,38.98,39.41,195770
2016-07-19,39.44,39.74,38.57,38.76,216095
2016-07-20,39.19,40.59,38.89,40.48,336507
2016-07-21,40.75,41.8,39.99,41.03,398458
2016-07-22,41.05,41.38,40.52,41.3,233968
2016-07-25,41.38,41.74,40.22,40.92,187792
2016-07-26,40.66,41.3,40.1,40.33,226553
2016-07-27,40.5,41.65,40.43,41.59,208725
2016-07-28,41.72,42.17,40.59,40.97,235141
2016-07-29,40.81,42.03,39.96,40.8,337534
2016-08-01,41.01,41.29,40.47,40.61,533668
2016-08-02,41.15,41.53,40.409,40.98,317346
2016-08-03,40.84,41.462,40.43,40.94,286861
2016-08-04,41.3,41.86,40.6,40.78,295383
2016-08-05,41.44,43.85,40.72,42.72,976105
2016-08-08,42.89,43.69,42.19,42.98,1308290
2016-08-09,42.94,44.02,42.64,43.0,567678
2016-08-10,43.01,43.26,41.07,41.25,545732
2016-08-11,41.49,41.848,40.63,40.72,252754
2016-08-12,40.67,40.7,40.07,40.15,179133
2016-08-15,40.3,41.3,40.18,41.01,290980
2016-08-16,40.97,41.6,40.45,41.045,340791
2016-08-17,40.99,41.045,39.562,40.01,283468
2016-08-18,40.07,41.05,40.0,40.96,199770
2016-08-19,40.71,41.05,40.49,40.73,270924
2016-08-22,40.85,41.51,40.54,40.99,290884
2016-08-23,41.19,42.36,40.8,41.96,418070
2016-08-24,41.81,42.83,40.14,40.65,572529
2016-08-25,40.73,42.96,39.02,39.68,369016
2016-08-26,39.79,40.94,39.62,40.38,303166
2016-08-29,40.47,41.17,39.87,40.7,243969
2016-08-30,40.63,41.24,40.34,40.99,423654
2016-08-31,41.07,41.43,40.1,40.34,274350
2016-09-01,40.34,40.96,40.02,40.63,294115
2016-09-02,40.81,41.02,39.96,40.43,158627
2016-09-06,40.43,42.691,40.43,41.55,481546
2016-09-07,41.67,43.99,41.67,43.86,512637
2016-09-08,43.94,44.259,42.88,43.85,397249
2016-09-09,43.22,43.74,42.32,42.35,292890
2016-09-12,42.1,43.95,42.04,43.78,172409
2016-09-13,43.42,43.94,41.74,42.7,222941
2016-09-14,42.81,43.97,42.81,43.46,207178
2016-09-15,43.65,45.0,43.54,44.0,422837
2016-09-16,44.29,45.13,43.64,44.48,554791
2016-09-19,44.9,45.2,43.91,44.14,541229
2016-09-20,44.45,44.92,43.46,44.437,299595
2016-09-21,43.64,44.19,40.52,40.89,817032
2016-09-22,41.11,41.19,39.765,40.87,469536
2016-09-23,41.28,42.83,40.87,42.4,542613
2016-09-26,42.25,42.4,40.71,40.76,297626
2016-09-27,40.55,42.25,40.2,42.25,316535
2016-09-28,41.63,42.4,40.7,42.35,254623
2016-09-29,14.25,16.23,13.94,15.5,15321902
2016-09-30,15.26,15.87,14.44,15.24,5277405
2016-10-03,15.39,15.75,15.15,15.46,1882470
2016-10-04,15.25,15.423,14.56,14.83,1471107
2016-10-05,14.66,15.255,14.345,14.68,1295193
2016-10-06,14.81,14.89,14.48,14.81,769289
2016-10-07,14.91,15.2,14.64,15.02,816583
2016-10-10,15.15,15.46,15.01,15.23,1031606
2016-10-11,15.05,15.09,14.25,14.46,780004
2016-10-12,14.66,14.66,13.55,13.59,745713
2016-10-13,13.55,13.99,13.29,13.4,666765
2016-10-14,13.4,13.62,12.98,13.13,556307
2016-10-17,13.11,13.28,12.85,13.25,805235
2016-10-18,14.0,14.0,13.026,13.12,585485
2016-10-19,13.12,13.18,12.95,13.11,491045
2016-10-20,13.05,13.35,13.011,13.21,383293
2016-10-21,13.12,13.93,13.07,13.89,839262
2016-10-24,13.69,13.92,13.19,13.3,468739
2016-10-25,13.34,13.53,13.01,13.06,590167
2016-10-26,13.05,13.18,12.75,12.86,724719
2016-10-27,12.94,13.03,12.1,12.16,762254
2016-10-28,12.16,12.38,11.66,12.16,562079
2016-10-31,12.15,12.59,11.97,12.4,528929
2016-11-01,12.48,12.91,12.34,12.84,736220
2016-11-02,12.85,12.85,11.77,11.8,696659
2016-11-03,11.77,11.96,10.81,10.87,845105
2016-11-04,10.8,11.59,10.8,11.36,490596
2016-11-07,11.65,12.13,11.53,12.04,428460
2016-11-08,11.88,12.22,11.36,12.13,372387
2016-11-09,12.96,14.24,12.794,14.1,1445076
2016-11-10,14.09,15.03,13.49,13.55,940300
2016-11-11,13.49,14.45,13.37,14.4,857556
2016-11-14,14.57,14.77,14.13,14.3,623297
2016-11-15,14.16,14.45,13.83,14.0,445946
2016-11-16,13.91,14.03,13.32,13.45,507449
2016-11-17,13.54,13.88,13.28,13.76,385355
2016-11-18,13.97,14.15,13.72,13.95,499226
2016-11-21,14.0,14.04,13.36,13.56,434387
2016-11-22,13.56,13.72,13.1,13.25,377805
2016-11-23,13.11,13.65,12.75,13.58,548522
2016-11-25,13.73,13.76,13.41,13.66,261539
2016-11-28,13.61,13.745,13.24,13.35,403322
2016-11-29,13.34,14.01,13.3,13.63,543352
2016-11-30,13.73,14.02,13.61,13.98,419877
2016-12-01,13.94,14.23,13.65,13.99,524965
2016-12-02,13.91,15.23,13.42,15.02,1175508
2016-12-05,15.0,15.49,14.96,15.48,1226707
2016-12-06,15.51,16.5,15.2,16.45,1029415
2016-12-07,16.24,16.44,15.77,16.43,1041187
2016-12-08,16.61,16.74,15.532,15.97,654902
2016-12-09,16.11,16.219,15.41,15.5,662899
2016-12-12,15.44,15.76,14.75,15.27,657692
2016-12-13,15.39,15.91,14.98,15.3,797987
2016-12-14,15.24,15.44,14.5,15.27,596292
2016-12-15,15.39,16.35,14.91,16.3,971408
2016-12-16,16.66,17.0,15.835,16.93,2055411
2016-12-19,15.94,16.35,15.42,15.63,448843
2016-12-20,15.64,15.93,15.4,15.5,251488
2016-12-21,15.55,16.09,15.04,15.05,357142
2016-12-22,15.53,15.92,14.7,14.84,418864
2016-12-23,14.79,16.18,14.78,16.14,361890
2016-12-27,16.12,16.41,15.875,15.92,208353
2016-12-28,16.01,16.05,15.4,15.4,210087
2016-12-29,15.57,15.809,15.29,15.52,254916
2016-12-30,15.47,15.8,15.09,15.09,419067
2017-01-03,15.27,15.76,15.16,15.73,353850
2017-01-04,15.8,16.99,15.75,16.97,472964
2017-01-05,17.15,17.15,16.27,16.63,318233
2017-01-06,16.76,17.59,16.51,16.72,553250
2017-01-09,16.82,17.1,16.47,16.77,395707
2017-01-10,16.84,16.89,16.25,16.55,351375
2017-01-11,17.22,17.22,15.32,15.605,492752
2017-01-12,15.47,15.68,14.68,14.78,726286
2017-01-13,14.81,15.63,14.81,14.93,400581
2017-01-17,14.79,14.99,14.16,14.25,346688
2017-01-18,14.33,14.41,13.815,14.16,438410
2017-01-19,14.17,14.26,13.81,13.85,261040
2017-01-20,14.0,14.12,13.51,13.58,350136
2017-01-23,13.62,13.84,13.52,13.66,283711
2017-01-24,13.68,13.72,13.06,13.47,305187
2017-01-25,13.58,13.685,13.34,13.55,236601
2017-01-26,13.56,13.99,13.56,13.64,134715
2017-01-27,13.61,13.8,13.38,13.57,175781
2017-01-30,13.43,13.43,12.8,13.33,215279
2017-01-31,13.2,14.605,13.01,14.44,736152
2017-02-01,14.44,14.62,13.58,14.02,323295
2017-02-02,13.64,13.929,13.52,13.91,179256
2017-02-03,14.09,14.21,13.75,14.15,175374
2017-02-06,14.11,14.61,14.05,14.55,316576
2017-02-07,14.57,14.66,13.855,14.05,173333
2017-02-08,14.03,14.25,13.58,13.73,394648
2017-02-09,13.73,14.028,13.5,13.65,329887
2017-02-10,13.68,13.81,13.53,13.62,249965
2017-02-13,13.5,13.63,13.19,13.27,639439
2017-02-14,13.2,13.73,13.19,13.63,526697
2017-02-15,13.56,13.6,13.34,13.49,351869
2017-02-16,13.5,13.53,13.0,13.298,562323
2017-02-17,13.24,13.43,13.12,13.27,409007
2017-02-21,13.3,13.4,12.89,13.05,367311
2017-02-22,13.0,13.06,12.675,12.75,317082
2017-02-23,12.75,13.22,12.66,12.95,285528
2017-02-24,12.77,12.965,12.65,12.81,123057
2017-02-27,12.8,13.53,12.8,13.51,266407
2017-02-28,13.45,13.56,12.91,13.05,551515
2017-03-01,13.36,14.78,10.425,14.6,2538936
2017-03-02,14.63,16.9,14.61,15.14,1441541
2017-03-03,15.14,15.43,14.14,14.32,509305
2017-03-06,14.32,14.589,13.65,13.71,502398
2017-03-07,13.63,13.948,13.42,13.68,445037
2017-03-08,13.76,15.423,13.76,14.163,412634
2017-03-09,14.2,14.75,14.02,14.3,263616
2017-03-10,14.46,14.6,14.025,14.51,233426
2017-03-13,14.54,15.02,14.4,14.99,348656
2017-03-14,14.94,15.05,14.6,14.77,290972
2017-03-15,14.88,15.5,14.8,15.42,265128
2017-03-16,15.4,15.82,15.22,15.75,336534
2017-03-17,15.72,15.94,15.02,15.16,577088
2017-03-20,15.15,15.34,14.71,14.86,312286
2017-03-21,15.0,15.236,14.05,14.21,864275
2017-03-22,14.15,14.439,13.64,14.41,1365243
2017-03-23,14.34,15.01,14.2,14.8,343486
2017-03-24,14.89,14.93,14.49,14.76,183956
2017-03-27,14.57,17.0,14.54,17.0,677501
2017-03-28,16.25,16.58,15.62,16.4,502844
2017-03-29,16.1,17.01,15.902,16.88,347261
2017-03-30,16.5,16.5,15.65,16.26,516935
2017-03-31,16.2,16.68,15.81,16.25,457709
2017-04-03,16.28,17.077,16.265,16.54,838230
2017-04-04,16.49,16.94,14.94,15.24,787710
2017-04-05,15.22,15.22,14.063,14.53,972071
2017-04-06,14.53,15.349,14.31,14.68,782274
2017-04-07,14.56,14.61,13.88,14.2,589396
2017-04-10,14.3,14.61,13.87,14.38,487317
2017-04-11,14.35,14.64,13.89,13.97,418107
2017-04-12,13.98,14.185,13.62,13.82,559061
2017-04-13,13.83,14.04,13.7,13.78,164827
2017-04-17,13.81,13.865,13.25,13.45,329104
2017-04-18,13.45,13.48,13.1,13.39,278089
2017-04-19,13.45,13.735,13.27,13.65,376449
2017-04-20,13.67,13.83,12.77,12.81,793594
2017-04-21,12.86,13.08,12.11,12.41,745429
2017-04-24,12.56,12.79,12.31,12.46,387233
2017-04-25,12.54,12.72,12.17,12.58,599210
2017-04-26,12.6,13.17,12.27,12.97,394867
2017-04-27,13.0,13.55,12.74,13.45,385749
2017-04-28,13.48,13.92,13.33,13.82,474029
2017-05-01,12.05,12.05,7.55,10.45,14193291
2017-05-02,10.21,10.23,9.21,9.8,4317160
2017-05-03,9.19,9.87,9.19,9.19,1089403
2017-05-04,9.33,9.66,9.042,9.35,580399
2017-05-05,9.28,9.43,9.15,9.34,338343
2017-05-08,9.32,9.47,9.14,9.28,386796
2017-05-09,9.3,9.3,9.11,9.26,316217
2017-05-10,9.28,10.66,9.14,10.66,1779164
2017-05-11,10.41,11.25,10.27,10.72,881657
2017-05-12,11.2,11.58,10.66,11.3,717082
2017-05-15,11.3,11.5,10.75,11.16,341909
2017-05-16,11.18,11.72,11.15,11.44,442939
2017-05-17,11.32,11.43,10.67,10.74,280438
2017-05-18,10.79,11.05,10.56,10.72,519539
2017-05-19,10.71,10.99,10.61,10.69,230297
2017-05-22,10.71,10.885,10.41,10.6,214240
2017-05-23,10.6,10.756,10.465,10.6,226027
2017-05-24,10.58,10.6,10.22,10.26,404707
2017-05-25,10.51,10.761,10.16,10.49,593233
2017-05-26,10.47,10.64,10.07,10.16,374583
2017-05-30,10.13,10.4,9.99,10.22,365377
2017-05-31,10.29,10.32,9.9,10.25,380874
2017-06-01,10.25,10.89,10.25,10.65,298591
2017-06-02,10.66,10.88,10.46,10.47,285716
2017-06-05,10.49,10.52,9.79,9.94,339429
2017-06-06,9.86,9.97,9.69,9.78,292161
2017-06-07,9.82,9.89,9.41,9.72,403637
2017-06-08,9.68,9.75,9.52,9.53,282315
2017-06-09,9.6,9.85,9.35,9.64,553192
2017-06-12,9.64,10.28,9.41,9.81,778159
2017-06-13,9.89,10.18,9.62,10.13,419234
2017-06-14,10.2,10.82,10.11,10.78,424418
2017-06-15,10.64,10.88,10.24,10.5,400569
2017-06-16,10.39,10.85,10.231,10.85,803822
2017-06-19,10.94,11.26,10.67,11.03,230332
2017-06-20,11.08,11.58,11.05,11.15,307019
2017-06-21,11.15,11.57,10.99,11.55,295645
2017-06-22,11.62,12.01,11.47,11.51,304054
2017-06-23,11.47,12.18,11.47,12.15,1077932
2017-06-26,12.18,13.0,11.82,12.7,509464
2017-06-27,12.78,13.07,12.26,12.45,526323
2017-06-28,12.57,12.7,12.29,12.6,333757
2017-06-29,12.61,12.7,12.29,12.68,320737
2017-06-30,12.67,12.67,12.23,12.42,336252
2017-07-03,12.42,12.795,12.42,12.67,167588
2017-07-05,12.67,12.88,12.58,12.82,318949
2017-07-06,12.76,12.93,11.99,12.01,379118
2017-07-07,12.04,12.27,12.03,12.25,172103
2017-07-10,12.28,12.31,11.819,11.85,161180
2017-07-11,11.87,12.0,11.76,11.87,148888
2017-07-12,11.92,12.01,11.74,11.85,214864
2017-07-13,11.82,12.09,11.71,12.0,271530
2017-07-14,12.0,12.36,11.83,11.93,176728
2017-07-17,11.91,12.71,11.86,12.4,259906
2017-07-18,12.33,12.4,11.73,12.3,260305
2017-07-19,12.38,12.66,12.31,12.43,173042
2017-07-20,12.42,12.91,12.42,12.87,157200
2017-07-21,13.0,13.27,12.53,12.58,221515
2017-07-24,12.56,12.789,12.32,12.53,178699
2017-07-25,12.64,12.72,12.3,12.35,196311
2017-07-26,12.34,12.528,12.13,12.32,183296
2017-07-27,12.35,12.35,11.54,11.66,262396
2017-07-28,11.65,12.02,11.55,11.72,193881
2017-07-31,11.74,11.97,11.44,11.57,195626
2017-08-01,11.64,11.678,11.19,11.25,148599
2017-08-02,11.24,11.35,10.68,11.21,188238
2017-08-03,11.24,11.55,10.87,10.98,133138
2017-08-04,10.96,11.47,10.83,11.35,198546
2017-08-07,11.38,11.44,10.95,10.98,172023
2017-08-08,10.99,11.28,10.72,10.79,246816
2017-08-09,10.67,11.44,10.25,11.42,295329
2017-08-10,11.47,11.57,10.67,10.77,229212
2017-08-11,10.81,11.05,10.65,11.01,203241
2017-08-14,11.16,11.67,10.755,11.62,251534
2017-08-15,11.72,11.95,11.37,11.61,277730
2017-08-16,11.64,12.25,11.51,11.59,342817
2017-08-17,11.59,11.985,10.841,11.42,313597
2017-08-18,11.28,11.47,10.99,11.11,218758
2017-08-21,11.08,11.269,10.82,10.978,187282
2017-08-22,10.96,11.37,10.85,11.253,139371
2017-08-23,11.42,16.24,11.42,14.5,7014112
2017-08-24,14.65,15.91,14.55,15.72,1691306
2017-08-25,15.9,16.68,15.02,15.02,1005220
2017-08-28,15.47,15.82,15.085,15.75,316223
2017-08-29,15.59,18.63,15.27,17.35,297740
2017-08-30,16.61,18.74,16.45,18.48,1774915
2017-08-31,18.45,18.63,17.49,18.0,742100
2017-09-01,18.4,18.73,17.9,18.5,329142
2017-09-05,18.79,19.26,18.38,19.18,468400
2017-09-06,19.21,19.42,18.6,18.6,383739
2017-09-07,19.5,22.79,19.5,22.1,2325471
2017-09-08,22.34,22.5,21.09,21.39,682093
2017-09-11,21.66,21.7,20.36,20.9,585795
2017-09-12,21.01,21.13,20.33,20.33,544116
2017-09-13,20.56,20.91,20.28,20.46,400264
2017-09-14,20.46,20.46,19.16,19.5,503280
2017-09-15,19.91,19.91,19.14,19.74,894356
2017-09-18,20.0,20.579,19.74,20.2,414424
2017-09-19,20.21,20.65,19.86,20.19,277312
2017-09-20,20.21,20.45,19.71,19.954,326797
2017-09-21,20.04,20.08,19.21,19.25,464201
2017-09-22,19.21,19.47,18.95,19.29,511866
2017-09-25,19.33,20.0,19.33,19.78,323473
2017-09-26,19.88,20.0,17.5,17.85,392302
2017-09-27,18.08,18.157,16.12,16.35,2485902
2017-09-28,16.17,16.25,14.8,15.63,8575000
2017-09-29,15.4,15.86,15.312,15.79,1345929
2017-10-02,15.68,15.79,15.07,15.51,1501941
2017-10-03,15.7,16.23,15.56,16.23,891844
2017-10-04,15.98,16.95,15.9,16.66,1336823
2017-10-05,16.98,17.19,16.43,16.77,838030
2017-10-06,16.35,17.04,16.33,16.57,1172125
2017-10-09,16.51,16.83,16.21,16.38,660989
2017-10-10,16.55,16.65,16.05,16.28,674933
2017-10-11,16.33,16.389,15.85,16.09,667965
2017-10-12,16.03,16.39,15.9,16.158,631750
2017-10-13,16.32,16.32,15.8,16.09,483704
2017-10-16,16.04,16.43,15.75,15.9,343957
2017-10-17,15.91,16.13,15.71,15.96,373973
2017-10-18,16.01,16.14,15.62,15.99,490937
2017-10-19,15.98,16.12,15.67,16.09,312348
2017-10-20,16.31,16.31,15.82,16.08,397102
2017-10-23,16.24,16.29,15.8,15.88,479988
2017-10-24,15.9,16.03,15.57,15.77,338725
2017-10-25,15.94,15.94,15.51,15.87,552787
2017-10-26,15.79,16.05,15.27,15.42,505915
2017-10-27,15.37,15.62,15.27,15.51,491077
2017-10-30,15.71,16.05,15.33,15.7,515763
2017-10-31,15.66,15.8,15.38,15.59,356385
2017-11-01,15.69,15.73,14.821,15.07,456008
2017-11-02,15.06,15.13,14.64,14.75,330547
2017-11-03,16.86,16.86,14.65,14.82,258093
2017-11-06,14.79,15.07,14.79,14.83,228779
2017-11-07,14.79,15.04,14.6,14.61,230375
2017-11-08,14.5,15.14,13.93,14.26,780026
2017-11-09,14.65,15.07,14.2,14.94,623516
2017-11-10,14.98,15.079,14.47,14.79,233055
2017-11-13,14.75,14.95,14.65,14.79,231564
2017-11-14,14.8,14.99,14.44,14.5,294395
2017-11-15,14.4,14.81,14.3,14.66,229340
2017-11-16,14.76,15.29,14.66,15.06,349472
2017-11-17,15.03,15.75,14.99,15.32,596510
2017-11-20,15.65,16.64,15.58,16.0,879599
2017-11-21,16.21,16.27,15.6,16.2,448500
2017-11-22,15.75,15.93,15.47,15.69,266377
2017-11-24,15.77,16.5,15.53,16.5,157889
2017-11-27,15.91,16.149,14.96,15.88,489178
2017-11-28,15.42,15.67,15.15,15.3,393280
2017-11-29,15.35,15.42,14.89,15.01,388568
2017-11-30,15.0,15.6,14.93,15.505,404218
2017-12-01,15.48,15.65,14.751,15.13,383604
2017-12-04,15.49,15.67,14.88,14.92,339827
2017-12-05,14.92,15.36,14.65,14.82,319216
2017-12-06,14.79,14.91,14.307,14.67,291577
2017-12-07,14.72,15.45,14.565,15.25,431253
2017-12-08,15.19,15.33,14.95,15.01,248497
2017-12-11,15.08,15.3,14.78,14.87,303082
2017-12-12,15.0,15.44,14.76,14.86,307638
2017-12-13,14.83,15.26,14.83,15.1,322995
2017-12-14,15.11,15.59,14.75,14.9,326655
2017-12-15,15.08,15.48,14.94,15.24,1468638
2017-12-18,15.36,15.73,14.94,15.65,519920
2017-12-19,15.7,15.97,15.3,15.53,299044
2017-12-20,15.5,15.79,15.45,15.6,314607
2017-12-21,15.5,15.88,15.31,15.78,393612
2017-12-22,15.7,15.82,15.53,15.69,206143
2017-12-26,15.6,15.8,15.41,15.58,143201
2017-12-27,15.59,15.69,15.2,15.2,140167
2017-12-28,15.33,15.345,15.07,15.19,244327
2017-12-29,15.26,15.26,14.48,14.48,353171
2018-01-02,14.63,15.19,14.46,15.16,359086
2018-01-03,15.17,15.67,14.95,15.47,213756
2018-01-04,15.72,17.44,15.57,17.33,1416962
2018-01-05,17.8,17.83,16.82,17.47,925466
2018-01-08,17.44,17.64,17.08,17.46,731352
2018-01-09,17.5,18.56,17.439,18.12,758555
2018-01-10,18.12,18.46,18.03,18.37,332016
2018-01-11,18.39,18.49,18.15,18.4,357803
2018-01-12,18.49,19.37,18.49,18.87,398488
2018-01-16,18.99,19.27,18.05,18.05,312556
2018-01-17,18.23,18.28,17.6,17.97,336512
2018-01-18,17.97,18.15,17.501,17.98,149612
2018-01-19,17.89,18.2,17.71,18.04,164027
2018-01-22,18.08,18.43,17.82,18.16,282482
2018-01-23,18.08,18.57,18.05,18.29,160332
2018-01-24,18.27,18.51,17.77,18.03,259622
2018-01-25,18.13,18.13,17.76,17.91,175742
2018-01-26,18.05,18.091,17.63,17.99,137774
2018-01-29,17.88,18.44,17.62,17.67,188336
2018-01-30,17.52,17.54,16.78,17.04,198579
2018-01-31,17.05,17.24,16.87,17.02,200057
2018-02-01,16.9,17.36,16.63,16.93,194024
2018-02-02,16.77,16.92,16.154,16.19,272995
2018-02-05,16.04,16.6,15.66,15.66,439019
2018-02-06,15.51,16.38,15.24,16.29,355537
2018-02-07,16.18,16.76,16.18,16.39,212859
2018-02-08,16.63,16.83,16.04,16.04,360031
2018-02-09,16.15,16.32,15.26,16.19,328337
2018-02-12,16.25,17.3,15.93,16.93,663857
2018-02-13,16.92,18.32,16.62,17.73,807683
2018-02-14,17.5,19.49,17.5,19.49,549582
2018-02-15,19.46,20.29,19.17,20.0,634939
2018-02-16,20.02,20.24,19.49,19.49,436776
2018-02-20,19.33,20.209,19.3,19.65,472045
2018-02-21,19.74,20.1,19.44,19.49,266766
2018-02-22,19.45,19.77,19.135,19.16,362543
2018-02-23,19.34,19.58,18.65,19.46,325200
2018-02-26,19.8,20.76,19.56,20.36,888244
2018-02-27,20.5,21.14,20.27,20.29,624029
2018-02-28,20.28,20.44,19.33,19.87,377361
2018-03-01,18.77,19.37,17.47,18.04,1293463
2018-03-02,18.4,22.3,17.775,21.79,1392419
2018-03-05,21.46,22.51,20.7,21.74,875757
2018-03-06,21.76,22.98,21.6,22.38,819783
2018-03-07,22.26,22.73,21.63,22.53,534085
2018-03-08,22.53,22.94,22.03,22.14,363382
2018-03-09,22.39,23.45,22.16,23.45,442806
2018-03-12,23.3,24.87,23.06,23.46,941045
2018-03-13,23.56,25.8,23.56,24.12,1068444
2018-03-14,24.12,25.67,24.12,25.49,820307
2018-03-15,25.5,25.82,24.874,24.97,369048
2018-03-16,24.95,25.698,23.6,23.98,668744
2018-03-19,23.83,24.4,23.15,23.4,322692
2018-03-20,23.38,23.78,22.942,23.12,225262
2018-03-21,23.21,23.53,22.97,23.25,208784
2018-03-22,23.46,23.6,22.19,22.23,396722
2018-03-23,22.5,22.59,21.59,21.59,329631
2018-03-26,22.08,22.3,21.56,22.19,353429
2018-03-27,22.37,22.37,20.6,20.73,245117
2018-03-28,20.73,20.81,20.24,20.57,220661
2018-03-29,20.71,21.2,20.371,21.05,213104
2018-04-02,19.94,19.94,17.53,19.14,2039677
2018-04-03,19.95,19.95,18.69,19.22,431824
2018-04-04,18.87,20.14,18.301,19.94,646320
2018-04-05,20.03,20.37,19.51,19.63,278360
2018-04-06,19.41,19.6,19.17,19.42,487978
2018-04-09,19.69,20.17,19.34,19.41,254705
2018-04-10,19.71,21.72,19.64,21.4,435238
2018-04-11,21.17,22.295,21.09,21.92,355889
2018-04-12,21.81,21.81,20.25,20.34,489018
2018-04-13,20.44,20.73,19.94,20.27,385459
2018-04-16,20.51,21.59,19.75,20.45,743952
2018-04-17,20.55,20.65,19.92,20.38,749665
2018-04-18,20.55,20.55,19.89,19.95,311526
2018-04-19,19.72,19.94,19.2,19.46,258768
2018-04-20,19.39,19.506,18.735,19.1,236671
2018-04-23,19.19,19.36,18.859,19.32,293539
2018-04-24,19.49,19.49,18.395,18.57,251611
2018-04-25,18.57,18.81,18.02,18.16,281512
2018-04-26,18.24,18.54,17.65,18.54,381861
2018-04-27,17.76,18.06,17.31,17.6,474825
2018-04-30,17.69,17.76,17.35,17.42,449927
2018-05-01,17.35,17.67,17.1,17.59,273368
2018-05-02,17.52,18.85,17.52,18.26,293039
2018-05-03,18.35,19.83,17.39,18.37,850644
2018-05-04,18.18,18.5,17.69,17.97,582475
2018-05-07,18.04,19.85,18.04,19.64,376794
2018-05-08,19.71,19.952,19.192,19.59,303245
2018-05-09,19.68,20.18,19.11,20.13,270239
2018-05-10,20.22,20.364,19.93,19.98,158878
2018-05-11,20.02,20.39,19.72,20.35,203516
2018-05-14,20.46,21.215,20.39,20.77,207605
2018-05-15,20.6,20.97,20.031,20.93,223078
2018-05-16,21.02,22.04,20.66,21.94,383794
2018-05-17,21.87,22.19,21.4,22.07,221021
2018-05-18,22.17,22.52,21.67,22.47,214178
2018-05-21,22.63,22.935,22.1,22.15,294328
2018-05-22,22.18,22.33,21.62,21.69,211941
2018-05-23,21.62,22.45,21.26,22.15,183951
2018-05-24,22.2,22.32,21.85,21.96,143192
2018-05-25,21.92,22.81,21.72,22.61,213682
2018-05-29,22.51,23.08,22.16,23.06,242476
2018-05-30,23.27,23.64,22.83,23.12,212355
2018-05-31,23.01,23.52,23.004,23.28,229533
2018-06-01,23.44,23.446,22.4,22.65,218376
2018-06-04,22.66,22.79,21.88,22.62,209007
2018-06-05,22.65,22.91,21.88,22.21,198189
2018-06-06,22.84,23.67,22.15,23.67,254998
2018-06-07,23.67,23.67,22.43,22.84,203154
2018-06-08,22.86,23.08,22.64,22.95,155611
2018-06-11,22.96,23.06,21.34,21.84,378096
2018-06-12,21.78,22.39,21.645,21.81,211001
2018-06-13,21.84,21.84,21.035,21.19,292133
2018-06-14,21.34,21.37,20.81,21.26,234201
2018-06-15,21.15,21.15,20.18,20.63,342328
2018-06-18,20.42,20.65,19.96,20.39,305641
2018-06-19,20.27,20.58,19.88,20.24,281879
2018-06-20,20.24,20.34,19.47,19.622,431726
2018-06-21,19.61,19.61,18.38,18.46,367126
2018-06-22,18.62,18.945,17.57,18.65,1197596
2018-06-25,18.46,18.5,17.79,18.5,333699
2018-06-26,18.47,18.98,17.625,18.98,403861
2018-06-27,18.32,18.32,17.3,17.33,377666
2018-06-28,17.28,18.39,17.09,17.9,243664
2018-06-29,17.87,18.202,17.49,17.67,256092
2018-07-02,17.5,17.78,17.46,17.77,181111
2018-07-03,17.85,18.14,17.45,17.98,95861
2018-07-05,18.17,19.04,17.94,18.92,449176
2018-07-06,19.03,20.8,18.97,20.31,650728
2018-07-09,20.3,20.74,19.92,20.6,379194
2018-07-10,20.59,21.07,20.06,20.17,241388
2018-07-11,19.99,20.545,19.77,20.095,233974
2018-07-12,20.29,20.56,20.03,20.54,244399
2018-07-13,20.53,20.79,20.16,20.44,139879
2018-07-16,20.48,20.48,20.11,20.4,96981
2018-07-17,20.38,20.77,20.27,20.45,301001
2018-07-18,20.49,20.49,19.83,20.28,145961
2018-07-19,20.25,21.1,20.07,20.5,373721
2018-07-20,20.6,20.96,20.42,20.8,208958
2018-07-23,20.83,21.804,20.42,21.68,270828
2018-07-24,21.64,22.165,21.06,21.5,300597
2018-07-25,21.46,22.22,21.0,21.0,279858
2018-07-26,22.1,22.16,21.69,21.75,347613
2018-07-27,21.77,21.87,19.95,20.16,664590
2018-07-30,20.56,20.56,19.24,19.59,485643
2018-07-31,19.57,20.24,19.29,20.07,519353
2018-08-01,20.0,20.96,19.98,20.68,282059
2018-08-02,20.62,22.15,20.06,21.84,624221
2018-08-03,21.99,22.0,20.65,20.9,387887
2018-08-06,20.88,21.153,20.72,21.06,202271
2018-08-07,21.15,22.04,21.15,22.0,151991
2018-08-08,21.93,22.37,21.6,21.64,198834
2018-08-09,21.54,22.0,20.89,21.4,168301
2018-08-10,21.35,21.7,21.06,21.22,130946
2018-08-13,21.18,21.41,20.54,20.63,219941
2018-08-14,20.61,20.965,20.49,20.8,80867
2018-08-15,20.67,20.67,19.43,19.87,301338
2018-08-16,19.9,20.26,19.35,19.57,259797
2018-08-17,19.55,19.6,18.83,19.08,162950
2018-08-20,19.07,19.18,18.74,19.16,127586
2018-08-21,19.28,19.89,19.0,19.75,154695
2018-08-22,19.58,20.18,19.26,20.01,160191
2018-08-23,20.1,21.467,20.071,21.38,307187
2018-08-24,21.39,21.632,20.96,21.3,213820
2018-08-27,21.37,21.82,21.25,21.43,96401
2018-08-28,21.42,21.565,20.91,21.21,178727
2018-08-29,21.29,21.61,21.02,21.58,104605
2018-08-30,21.59,22.3,21.59,21.88,129125
2018-08-31,21.78,22.0,21.46,21.94,87032
2018-09-04,21.83,22.25,21.357,21.73,173071
2018-09-05,21.3,21.75,21.3,21.57,153159
2018-09-06,21.58,21.78,20.96,20.98,161629
2018-09-07,20.89,21.35,20.66,20.89,184750
2018-09-10,21.18,21.83,21.13,21.83,183387
2018-09-11,21.54,21.69,21.388,21.65,204948
2018-09-12,21.59,21.78,21.26,21.38,185851
2018-09-13,21.5,21.83,21.23,21.72,164842
2018-09-14,21.73,22.49,21.73,22.18,158993
2018-09-17,22.12,22.12,19.96,20.5,554404
2018-09-18,19.61,21.16,19.61,21.06,342065
2018-09-19,21.51,21.8,20.89,21.21,187187
2018-09-20,21.27,21.95,21.08,21.84,198673
2018-09-21,21.87,22.18,20.73,21.08,527668
2018-09-24,21.07,21.56,20.62,21.54,179186
2018-09-25,21.59,23.5,21.215,22.9,497527
2018-09-26,22.96,23.62,22.39,22.75,208199
2018-09-27,22.76,23.0,22.39,22.54,211810
2018-09-28,22.46,23.12,21.65,22.25,463538
2018-10-01,22.05,22.22,20.78,20.96,336025
2018-10-02,20.97,21.03,19.8,20.07,190541
2018-10-03,20.17,21.59,19.75,20.75,502823
2018-10-04,20.66,20.945,19.85,20.11,301649
2018-10-05,20.13,20.7,19.14,19.41,222061
2018-10-08,19.14,19.52,18.39,18.42,297061
2018-10-09,18.42,18.931,17.74,18.84,329262
2018-10-10,18.83,18.94,18.07,18.6,396498
2018-10-11,18.44,19.24,17.66,18.04,331467
2018-10-12,18.47,18.47,17.5,18.1,200843
2018-10-15,18.08,18.68,17.5,18.59,276742
2018-10-16,18.73,19.9,18.53,19.61,202220
2018-10-17,19.6,19.6,18.38,19.37,149460
2018-10-18,19.23,19.375,18.5,18.71,224106
2018-10-19,18.72,18.95,18.07,18.21,147671
2018-10-22,18.3,18.38,16.77,17.21,469724
2018-10-23,16.89,17.53,16.53,17.26,506836
2018-10-24,17.27,17.535,15.94,15.95,550410
2018-10-25,16.0,17.25,15.65,17.05,270675
2018-10-26,16.72,17.405,16.46,17.04,143380
2018-10-29,17.32,17.47,16.074,16.36,178404
2018-10-30,16.34,17.04,15.98,16.52,218744
2018-10-31,16.82,17.06,16.01,16.98,292702
2018-11-01,17.13,18.69,16.98,18.62,194965
2018-11-02,18.67,18.92,17.93,18.51,155371
2018-11-05,18.57,18.77,18.01,18.4,115448
2018-11-06,18.41,19.05,17.91,18.55,250118
2018-11-07,18.32,19.95,16.57,19.45,352654
2018-11-08,19.3,20.08,18.72,19.78,199884
2018-11-09,19.66,19.7,18.0,18.09,275418
2018-11-12,18.1,18.32,17.51,17.85,281873
2018-11-13,17.89,18.25,17.1,17.31,229382
2018-11-14,17.51,17.51,15.2,15.86,535819
2018-11-15,15.77,16.17,15.43,15.79,285453
2018-11-16,15.65,16.02,15.33,15.86,341688
2018-11-19,15.85,15.982,14.69,15.26,377142
2018-11-20,14.97,15.64,14.9,15.33,271398
2018-11-21,15.5,15.86,15.08,15.78,329174
2018-11-23,15.48,15.975,15.425,15.64,115981
2018-11-26,15.65,17.36,15.05,17.36,207350
2018-11-27,15.5,15.5,14.26,14.43,399218
2018-11-28,14.51,15.51,14.44,15.47,243250
2018-11-29,15.82,15.9,14.27,14.4,464157
2018-11-30,14.41,14.88,14.06,14.45,431067
2018-12-03,14.65,14.81,13.82,14.39,551213
2018-12-04,14.39,14.79,13.78,13.82,332209
2018-12-06,13.56,14.23,13.29,13.53,430291
2018-12-07,13.54,15.3,13.54,15.09,624103
2018-12-10,14.99,15.68,14.42,15.34,377226
2018-12-11,15.99,16.76,15.03,15.48,883684
2018-12-12,15.7,16.02,15.04,15.32,534558
2018-12-13,15.32,15.46,14.26,14.31,267983
2018-12-14,14.21,14.51,13.32,13.32,353570
2018-12-17,13.45,13.88,12.62,12.87,550471
2018-12-18,12.74,12.81,10.04,12.39,920110
2018-12-19,12.45,13.16,11.6,11.69,476050
2018-12-20,11.75,11.92,10.96,11.2,439790
2018-12-21,11.27,11.88,10.23,10.45,647903
2018-12-24,10.32,10.6,10.21,10.36,245893
2018-12-26,10.47,11.12,10.42,11.07,314184
2018-12-27,10.88,11.235,10.42,10.89,282650
2018-12-28,11.0,11.53,10.71,11.27,363691
2018-12-31,11.15,11.69,11.105,11.69,317832
2019-01-02,11.12,11.62,10.34,11.52,306876
2019-01-03,11.52,11.63,11.1,11.52,329209
2019-01-04,11.65,11.9,10.75,11.88,499796
2019-01-07,12.14,12.74,11.95,12.52,262329
2019-01-08,12.67,12.9,12.355,12.73,158884
2019-01-09,12.72,13.42,12.54,13.14,334095
2019-01-10,13.06,13.27,12.76,13.0,211933
2019-01-11,13.09,13.46,12.925,13.27,190879
2019-01-14,13.1,13.21,12.61,12.75,215167
2019-01-15,12.78,13.49,12.65,13.25,185703
2019-01-16,13.27,13.59,13.05,13.08,207513
2019-01-17,13.03,13.23,12.58,12.61,292331
2019-01-18,12.65,12.72,12.23,12.55,497036
2019-01-22,12.46,12.62,11.91,12.0,325167
2019-01-23,12.02,12.27,11.71,11.75,196767
2019-01-24,11.7,12.11,11.44,12.09,297939
2019-01-25,12.13,12.51,11.78,12.41,381126
2019-01-28,12.22,12.55,11.79,11.84,445071
2019-01-29,11.86,11.86,10.75,10.9,560711
2019-01-30,10.93,11.8,10.64,11.68,334291
2019-01-31,11.67,12.258,11.67,12.04,231103
2019-02-01,12.04,12.22,11.92,12.0,125058
2019-02-04,12.0,12.69,11.75,12.6,288540
2019-02-05,12.68,13.58,12.68,13.36,484675
2019-02-06,13.37,13.5,12.88,13.5,188774
2019-02-07,12.96,13.26,12.76,12.76,133474
2019-02-08,13.05,13.53,13.05,13.48,230597
2019-02-11,13.6,13.604,12.69,13.12,315587
2019-02-12,13.2,13.675,13.12,13.55,194864
2019-02-13,13.56,13.97,13.51,13.58,268155
2019-02-14,13.4,13.71,13.17,13.62,201929
2019-02-15,13.74,13.98,13.57,13.97,208561
2019-02-19,13.96,14.16,13.27,13.53,263390
2019-02-20,13.47,14.0,13.35,13.4,460213
2019-02-21,13.4,13.4,12.83,13.02,186219
2019-02-22,13.07,13.54,13.0,13.48,141305
2019-02-25,13.55,13.88,13.12,13.13,361562
2019-02-26,13.11,13.39,12.95,13.21,324779
2019-02-27,13.49,15.0,13.49,14.09,471987
2019-02-28,14.1,14.165,13.47,13.62,377106
2019-03-01,13.67,13.98,13.48,13.85,286520
2019-03-04,13.92,13.94,13.29,13.55,294549
2019-03-05,13.54,13.85,13.41,13.48,226644
2019-03-06,13.48,13.56,12.55,12.57,358537
2019-03-07,12.52,12.75,12.3,12.68,131712
2019-03-08,12.52,12.68,12.03,12.42,296570
2019-03-11,12.45,12.73,12.08,12.69,239343
2019-03-12,12.73,13.21,12.46,13.1,209500
2019-03-13,13.21,13.36,12.86,13.27,222706
2019-03-14,13.27,13.5,13.15,13.35,269222
2019-03-15,13.38,13.64,13.3,13.42,435085
2019-03-18,13.4,13.69,12.74,12.82,362958
2019-03-19,12.87,13.0,12.56,12.69,226496
2019-03-20,12.7,12.84,12.45,12.6,252890
2019-03-21,12.48,13.2,12.42,13.2,437441
2019-03-22,12.95,12.99,12.03,12.04,251088
2019-03-25,12.07,12.18,11.72,11.85,148434
2019-03-26,11.98,12.32,11.88,11.94,205433
2019-03-27,11.9,12.11,11.33,11.9,373061
2019-03-28,11.9,12.78,11.85,12.3,297983
2019-03-29,12.3,12.48,12.0,12.18,256898
2019-04-01,12.15,12.32,11.66,11.89,278105
2019-04-02,11.89,12.94,11.89,12.83,282438
2019-04-03,12.83,13.28,12.25,12.46,435723
2019-04-04,12.62,13.38,12.46,13.25,333707
2019-04-05,13.26,13.96,13.26,13.37,233712
2019-04-08,13.31,13.53,12.93,13.26,166048
2019-04-09,13.2,13.42,12.77,12.87,271889
2019-04-10,12.85,13.05,12.75,12.87,153948
2019-04-11,12.85,12.97,12.65,12.92,114309
2019-04-12,13.48,13.48,12.52,12.61,150622
2019-04-15,12.6,12.685,12.37,12.64,116563
2019-04-16,12.65,12.82,12.48,12.67,114019
2019-04-17,12.69,12.87,11.9,12.17,403908
2019-04-18,12.23,12.63,11.67,12.26,440020
2019-04-22,12.22,12.72,12.13,12.68,354975
2019-04-23,12.64,12.94,12.35,12.93,197480
2019-04-24,12.93,13.29,12.7,13.01,283342
2019-04-25,13.06,13.54,12.96,13.47,201565
2019-04-26,13.46,13.9,13.315,13.65,223363
2019-04-29,13.7,14.02,13.41,13.59,244841
2019-04-30,13.64,13.74,12.82,13.17,277613
2019-05-01,13.22,13.83,12.93,13.36,235307
2019-05-02,13.5,13.94,13.47,13.51,162997
2019-05-03,13.52,14.38,13.5,14.29,290663
2019-05-06,14.09,14.35,13.91,14.17,242531
2019-05-07,14.04,14.12,13.35,13.6,225833
2019-05-08,13.79,14.2,12.63,13.5,469196
2019-05-09,13.51,13.65,12.6,13.16,348305
2019-05-10,13.04,13.19,12.49,12.81,255848
2019-05-13,12.5,12.62,11.535,11.72,455601
2019-05-14,11.77,12.77,11.67,12.53,397742
2019-05-15,12.41,12.58,12.08,12.4,353993
2019-05-16,12.8,13.45,12.23,12.44,289873
2019-05-17,12.24,12.85,12.19,12.51,427842
2019-05-20,12.4,12.43,12.01,12.29,220552
2019-05-21,12.32,13.0,12.32,12.75,273559
2019-05-22,12.72,13.21,12.72,13.08,163793
2019-05-23,13.07,13.85,12.92,13.29,355036
2019-05-24,13.36,13.61,13.36,13.47,181303
2019-05-28,13.5,13.579,12.79,13.02,355258
2019-05-29,12.86,13.07,12.61,12.87,216984
2019-05-30,12.85,13.055,12.555,12.61,192609
2019-05-31,12.41,13.03,12.31,12.99,296262
2019-06-03,13.04,13.2,12.5,12.58,275492
2019-06-04,12.77,12.85,12.39,12.5,314665
2019-06-05,12.5,12.51,12.125,12.15,275589
2019-06-06,12.14,12.17,11.21,11.28,398655
2019-06-07,11.37,11.55,11.12,11.34,291960
2019-06-10,11.36,11.62,10.9,11.0,333324
2019-06-11,11.14,11.27,10.34,10.65,444389
2019-06-12,10.65,12.03,10.64,11.82,577244
2019-06-13,13.8,13.8,11.843,12.84,876788
2019-06-14,12.84,13.54,12.5,12.6,342588
2019-06-17,13.0,14.51,12.5,14.51,894934
2019-06-18,14.477,14.51,13.74,13.91,433397
2019-06-19,13.91,14.29,13.7,14.09,540841
2019-06-20,14.09,14.34,12.45,13.1,1016757
2019-06-21,13.1,13.55,12.54,13.28,879658
2019-06-24,13.2,13.42,12.31,13.42,717654
2019-06-25,12.77,13.51,12.75,13.05,631926
2019-06-26,13.05,13.29,12.61,12.62,221995
2019-06-27,12.68,13.05,12.64,12.8,206476
2019-06-28,12.93,13.28,12.77,13.28,383594
2019-07-01,13.0,15.05,13.0,14.6,973549
2019-07-02,14.53,14.73,13.72,14.0,826852
2019-07-03,13.93,14.16,12.85,13.61,497158
2019-07-05,13.956,14.0,13.2,13.69,806778
2019-07-08,14.19,14.36,10.09,11.66,11178045
2019-07-09,11.55,11.93,11.11,11.38,1634659
2019-07-10,11.6,11.6,10.61,11.05,1123532
2019-07-11,11.07,11.11,10.405,10.67,1028302
2019-07-12,10.72,11.38,10.645,11.2,1084287
2019-07-15,10.8,11.6,10.8,11.42,894717
2019-07-16,11.42,11.874,11.31,11.6,947326
2019-07-17,11.62,11.97,11.46,11.66,724280
2019-07-18,11.8,12.03,11.48,11.65,530743
2019-07-19,11.81,12.48,11.65,11.65,838715
2019-07-22,11.82,12.02,11.31,11.85,758037
2019-07-23,11.85,11.99,7.91,8.8,9463557
2019-07-24,8.8,9.47,7.41,8.17,5583953
2019-07-25,8.2,8.3,7.85,7.94,1248776
2019-07-26,7.96,8.458,7.7,8.37,890486
2019-07-29,8.49,8.49,7.81,8.12,822579
2019-07-30,8.07,8.58,7.95,8.22,667383
2019-07-31,8.59,8.8,8.27,8.36,805252
2019-08-01,8.35,8.587,8.11,8.27,546842
2019-08-02,8.27,8.44,8.0,8.16,460898
2019-08-05,8.72,9.85,7.82,9.0,1205688
2019-08-06,9.0,9.11,8.22,8.68,943424
2019-08-07,9.0,9.21,8.442,9.026,822797
2019-08-08,9.03,9.79,8.87,9.4,773163
2019-08-09,9.33,9.34,8.86,9.24,689261
2019-08-12,9.23,9.505,9.05,9.16,547372
2019-08-13,9.14,9.5,9.12,9.166,407683
2019-08-14,9.25,9.26,8.9,8.95,645243
2019-08-15,9.09,9.27,8.83,9.03,416682
2019-08-16,9.08,9.41,9.0,9.1,520313
2019-08-19,9.08,9.3,8.87,9.08,719121
2019-08-20,9.09,9.195,8.72,8.96,366479
2019-08-21,8.96,9.136,8.89,8.9,288556
2019-08-22,8.95,8.99,8.66,8.67,244490
2019-08-23,8.24,8.76,8.24,8.49,438172
2019-08-26,8.6,8.765,8.395,8.73,296403
2019-08-27,8.79,8.8,8.34,8.4,337635
2019-08-28,8.3,8.76,8.25,8.4,474450
2019-08-29,8.63,8.79,8.465,8.59,272940
2019-08-30,8.5,8.68,8.233,8.56,740442
2019-09-03,8.49,8.63,8.39,8.49,429640
2019-09-04,8.5,9.35,8.5,9.35,714399
2019-09-05,9.45,9.97,9.18,9.54,864637
2019-09-06,9.54,9.7,9.45,9.6,383348
2019-09-09,9.72,10.395,9.51,10.33,650740
2019-09-10,10.46,11.18,8.44,10.35,3389520
2019-09-11,10.28,10.48,9.94,10.4,741173
2019-09-12,10.43,10.93,10.26,10.37,1398070
2019-09-13,10.46,10.46,9.56,10.0,890522
2019-09-16,9.81,10.45,9.66,9.78,823476
2019-09-17,9.76,9.82,9.12,9.15,913164
2019-09-18,9.0,9.23,8.75,9.14,985424
2019-09-19,9.13,9.13,8.62,8.74,765447
2019-09-20,8.76,8.8,8.28,8.54,1644915
2019-09-23,8.55,8.85,8.345,8.39,1174150
2019-09-24,8.39,8.48,7.8,8.04,1166505
2019-09-25,7.99,8.31,7.8,8.055,780155
2019-09-26,8.04,8.08,7.56,7.735,1258056
2019-09-27,7.78,7.95,7.48,7.5,637856
2019-09-30,7.59,7.74,7.28,7.47,890636
2019-10-01,7.45,7.61,6.75,7.26,1104634
2019-10-02,7.19,7.97,7.08,7.85,1017043
2019-10-03,7.84,8.15,7.54,8.15,1221796
2019-10-04,8.01,8.18,7.72,8.16,1074930
2019-10-07,8.12,8.41,7.955,8.0,684844
2019-10-08,7.94,8.16,7.81,7.88,689440
2019-10-09,7.96,8.02,7.7,7.825,463733
2019-10-10,7.82,7.98,7.78,7.93,464061
2019-10-11,8.01,8.12,7.75,7.76,537610
2019-10-14,7.75,7.87,7.63,7.775,415649
2019-10-15,7.82,8.29,7.8,8.225,829429
2019-10-16,8.25,8.455,8.04,8.4,636736
2019-10-17,8.38,8.59,8.37,8.5,356197
2019-10-18,8.51,8.55,8.19,8.28,558529
2019-10-21,8.27,8.38,8.11,8.37,619629
2019-10-22,8.39,8.6,8.32,8.56,609243
2019-10-23,8.52,8.6,8.45,8.51,493134
2019-10-24,8.48,8.71,8.27,8.56,502906
2019-10-25,8.51,8.94,8.44,8.72,519933
2019-10-28,8.76,8.91,8.57,8.84,440870
2019-10-29,8.88,9.04,8.8,9.01,338321
2019-10-30,9.03,9.19,8.99,9.15,540000
2019-10-31,9.12,9.31,9.12,9.25,539165
2019-11-01,9.3,9.81,9.25,9.75,631757
2019-11-04,9.83,9.94,9.54,9.7,932506
2019-11-05,9.83,10.05,9.28,9.91,825787
2019-11-06,9.71,10.2,9.61,9.92,727860
2019-11-07,10.01,10.12,9.335,9.36,440875
2019-11-08,9.31,9.645,9.18,9.57,330576
2019-11-11,9.718,9.718,9.14,9.3,497518
2019-11-12,9.31,9.433,9.105,9.17,387947
2019-11-13,9.13,9.31,8.93,8.93,362914
2019-11-14,8.96,9.05,8.51,8.84,500351
2019-11-15,8.91,9.24,8.78,9.24,290592
2019-11-18,9.01,9.055,8.57,8.65,532799
2019-11-19,8.67,9.22,8.67,9.0,898493
2019-11-20,9.0,9.18,8.93,9.01,912935
2019-11-21,9.02,9.56,8.75,9.48,1091762
2019-11-22,9.55,10.44,9.55,9.98,1302220
2019-11-25,10.34,10.34,8.9,9.4,1292905
2019-11-26,9.31,9.73,9.23,9.49,530218
2019-11-27,9.839,10.37,9.605,9.75,1194656
2019-11-29,9.75,10.04,9.61,9.71,287471
2019-12-02,9.71,10.1,9.58,9.79,754939
2019-12-03,9.7,9.88,9.44,9.88,509788
2019-12-04,9.88,10.09,9.54,10.09,584740
2019-12-05,10.5,10.5,9.65,9.81,639870
2019-12-06,9.85,10.36,9.81,10.32,507083
2019-12-09,10.46,11.7,10.4,11.6,2068700
2019-12-10,11.81,13.09,11.62,12.16,3151800
2019-12-11,13.028,13.05,11.57,12.22,1439498
2019-12-12,12.23,12.85,11.78,12.53,1220797
2019-12-13,12.73,13.1,12.45,13.0,1687212
2019-12-16,12.83,13.57,12.1,12.8,3097680
2019-12-17,12.98,13.2,12.18,12.75,1389932
2019-12-18,12.8,13.3,12.78,12.85,1417526
2019-12-19,13.1,13.12,12.195,12.75,1517999
2019-12-20,12.74,12.798,11.65,12.39,1874509
2019-12-23,13.99,43.56,13.1,36.85,60358393
2019-12-24,37.31,41.8,36.0,37.9,11598795
2019-12-26,38.49,39.25,36.35,36.62,3997516
2019-12-27,36.68,36.68,32.77,35.0,3650650
2019-12-30,35.02,36.1,33.04,33.1,1645995
2019-12-31,33.11,34.73,32.87,34.31,1353135
2020-01-02,34.06,34.375,31.52,33.12,2397321
2020-01-03,32.41,32.5,30.84,31.15,1833152
2020-01-06,30.95,30.97,29.0,29.55,1180022
2020-01-07,29.5,32.944,29.5,30.18,2104425
2020-01-08,30.49,31.3,26.13,26.8,11878838
2020-01-09,26.82,27.07,25.27,25.45,3876929
2020-01-10,25.55,26.43,25.26,26.15,2377567
2020-01-13,26.3,26.85,25.32,26.83,1949566
2020-01-14,26.73,27.37,25.87,26.805,1677326
2020-01-15,26.92,27.58,26.121,26.35,1381393
2020-01-16,26.67,27.2,26.31,27.0,850836
2020-01-17,26.81,27.14,26.15,26.3,1220229
2020-01-21,26.0,26.58,25.26,25.85,1444322
2020-01-22,25.85,25.85,24.36,25.45,1310526
2020-01-23,25.2,25.37,24.48,24.9,1017237
2020-01-24,24.65,24.84,23.25,23.61,1791207
2020-01-27,23.0,24.1,22.25,23.24,858506
2020-01-28,23.99,24.18,23.1,23.81,749010
2020-01-29,24.0,24.01,23.12,23.54,601314
2020-01-30,23.55,23.55,22.6,22.9,731197
2020-01-31,22.2,22.84,21.0,22.41,1235735
2020-02-03,21.0,23.35,21.0,22.65,989315
2020-02-04,22.58,22.9,21.4,22.1,1064605
2020-02-05,22.04,22.9,21.89,22.26,867272
2020-02-06,22.26,22.61,21.45,21.58,613147
2020-02-07,21.452,21.98,21.28,21.36,396256
2020-02-10,21.06,21.84,21.06,21.3,426942
2020-02-11,21.75,22.85,21.48,21.58,857844
2020-02-12,21.84,22.0,21.32,21.72,536117
2020-02-13,21.65,22.88,21.4,22.58,619582
2020-02-14,22.68,23.57,22.31,22.84,918093
2020-02-18,23.21,24.18,23.05,24.18,844413
2020-02-19,24.4,25.05,23.301,24.95,790162
2020-02-20,24.95,25.27,23.78,24.9,1050224
2020-02-21,24.92,25.355,23.925,24.98,1036007
2020-02-24,24.55,24.55,22.51,23.0,1106927
2020-02-25,22.93,23.84,22.47,22.98,825913
2020-02-26,21.5,23.44,21.5,22.24,594428
2020-02-27,21.55,22.04,20.0,20.05,912074
2020-02-28,20.46,21.55,19.52,21.55,1250291
2020-03-02,21.05,22.5,19.98,21.87,1309671
2020-03-03,21.65,22.341,20.3,21.32,1048928
2020-03-04,21.46,22.21,21.18,21.8,459781
2020-03-05,21.56,22.62,21.191,21.86,509990
2020-03-06,21.45,22.105,20.097,22.0,693863
2020-03-09,21.0,21.0,18.77,19.24,750624
2020-03-10,19.32,20.105,18.35,19.5,565846
2020-03-11,18.57,19.5,17.33,17.77,702755
2020-03-12,16.5,18.04,15.51,16.02,706733
2020-03-13,16.76,16.82,13.58,15.5,1023685
2020-03-16,13.7,14.67,12.754,12.92,808898
2020-03-17,13.03,14.43,12.47,13.49,966174
2020-03-18,12.67,13.53,10.935,12.5,753934
2020-03-19,12.29,13.7,12.03,12.63,881966
2020-03-20,13.16,14.32,12.49,13.45,1891968
2020-03-23,13.52,14.25,12.13,14.25,1081483
2020-03-24,14.24,15.86,13.92,15.45,900653
2020-03-25,15.34,15.635,14.5,15.11,679246
2020-03-26,15.27,16.178,15.11,15.75,747640
2020-03-27,15.24,16.48,14.87,15.82,755225
2020-03-30,15.8,16.155,15.3,15.75,497133
2020-03-31,16.0,16.34,14.96,15.37,592221
2020-04-01,14.85,15.17,14.18,14.46,557151
2020-04-02,14.46,15.47,14.0,14.25,500172
2020-04-03,14.28,14.75,14.02,14.4,349290
2020-04-06,15.0,15.88,14.93,15.48,487927
2020-04-07,15.89,15.95,15.28,15.33,380924
2020-04-08,15.61,17.3,15.61,17.04,717986
2020-04-09,17.87,18.21,16.16,16.47,800730
2020-04-13,16.46,16.76,16.05,16.66,273148
2020-04-14,16.7,17.6,16.7,16.99,494249
2020-04-15,16.48,16.61,16.0,16.45,406404
2020-04-16,16.51,18.0,15.997,17.35,563830
2020-04-17,17.02,17.43,16.52,17.37,659548
2020-04-20,17.0,17.97,16.96,17.13,615355
2020-04-21,17.0,17.06,16.59,16.91,356237
2020-04-22,17.08,17.87,16.94,17.32,468181
2020-04-23,17.4,17.98,17.1,17.41,383915
2020-04-24,17.63,18.14,17.0,17.55,362251
2020-04-27,17.89,18.06,17.18,17.9,553911
2020-04-28,18.17,18.44,17.47,17.61,304927
2020-04-29,18.04,19.53,17.99,18.91,446838
2020-04-30,18.65,18.76,17.56,17.67,474769
2020-05-01,17.21,17.29,16.14,16.45,567485
2020-05-04,16.76,17.38,16.27,17.125,297244
2020-05-05,17.13,18.419,17.13,17.89,446031
2020-05-06,17.94,18.702,17.65,18.4,382793
2020-05-07,18.4,18.97,16.9,18.31,1116286
2020-05-08,18.65,20.85,18.43,20.7,1157032
2020-05-11,20.25,21.4,19.24,20.57,816655
2020-05-12,22.0,23.11,20.45,21.22,1195776
2020-05-13,21.45,21.52,19.407,20.18,882385
2020-05-14,19.5,20.85,19.11,20.725,872042
2020-05-15,20.22,22.12,20.2,21.5,559579
2020-05-18,22.5,23.78,22.5,23.6,814148
2020-05-19,23.98,24.52,23.03,23.26,1257078
2020-05-20,23.52,24.54,22.86,23.8,746724
2020-05-21,23.65,23.66,22.34,22.7,603353
2020-05-22,22.83,22.83,22.19,22.8,394260
2020-05-26,23.0,23.11,21.98,22.0,603139
2020-05-27,22.0,22.56,21.16,22.0,786810
2020-05-28,22.08,22.45,20.87,21.2,607322
2020-05-29,21.03,21.139,20.15,20.88,734919
2020-06-01,21.26,21.26,20.52,20.88,616066
2020-06-02,20.9,21.89,19.92,21.75,1373718
2020-06-03,21.44,21.725,20.49,20.73,653960
2020-06-04,20.98,21.87,20.74,21.4,705474
2020-06-05,21.8,22.26,21.34,21.59,747557
2020-06-08,21.65,22.655,21.58,22.37,557262
2020-06-09,22.06,22.59,21.7,22.15,425161
2020-06-10,22.12,23.19,21.89,21.89,701580
2020-06-11,21.92,22.0,20.54,20.59,1057264
2020-06-12,21.33,21.4,19.38,20.15,779106
2020-06-15,20.15,21.67,19.295,21.56,452049
2020-06-16,22.25,22.68,21.88,22.0,384628
2020-06-17,22.77,22.98,22.18,22.5,486132
2020-06-18,22.25,24.0,22.25,24.0,772580
2020-06-19,25.03,25.63,24.11,25.2,2068565
2020-06-22,25.5,26.49,24.69,25.78,723461
2020-06-23,26.428,27.65,25.58,26.7,2424306
2020-06-24,26.79,26.92,25.026,25.3,651885
2020-06-25,25.7,26.755,25.5,26.2,693575
2020-06-26,25.9,26.297,25.35,25.91,933747
2020-06-29,26.43,29.75,24.65,25.25,921066
2020-06-30,25.2,25.79,24.268,25.0,981895
2020-07-01,25.45,25.6,24.947,25.19,605189
2020-07-02,25.35,25.435,23.9,24.2,762503
2020-07-06,24.26,24.77,23.38,23.56,603990
2020-07-07,23.5,25.3,23.5,24.48,1055781
2020-07-08,24.9,25.3,24.39,25.05,514765
2020-07-09,25.0,25.05,23.62,24.5,666748
2020-07-10,24.64,25.03,24.23,24.705,480857
2020-07-13,24.85,25.065,22.6,23.0,642036
2020-07-14,22.65,23.64,22.109,23.63,546738
2020-07-15,23.9,24.356,23.51,23.99,343184
2020-07-16,23.72,23.72,22.93,23.52,273655
2020-07-17,23.5,23.74,23.15,23.48,711345
2020-07-20,23.3,23.58,22.93,23.0,553333
2020-07-21,23.5,23.5,21.7,21.83,840690
2020-07-22,21.8,22.29,21.32,21.9,644934
2020-07-23,21.9,22.055,21.24,21.36,466077
2020-07-24,21.01,22.0,20.621,22.0,551753
2020-07-27,21.57,22.0,21.23,22.0,217813
2020-07-28,22.0,22.0,20.5,20.53,367235
2020-07-29,20.6,20.89,20.14,20.69,382307
2020-07-30,20.22,21.0,20.22,21.0,268666
2020-07-31,21.0,21.0,19.7,19.825,423677
2020-08-03,19.96,21.0,19.88,20.9,515085
2020-08-04,20.89,21.11,19.99,20.5,516685
2020-08-05,20.35,20.96,20.35,20.7,328142
2020-08-06,20.7,21.06,20.41,20.58,233788
2020-08-07,20.65,21.14,20.4,20.91,530518
2020-08-10,21.78,21.78,18.04,19.46,2102190
2020-08-11,19.21,20.65,18.51,18.93,697995
2020-08-12,19.05,19.84,18.71,19.03,448697
2020-08-13,19.35,19.885,19.27,19.78,284196
2020-08-14,19.67,19.67,18.89,19.0,343255
2020-08-17,19.34,20.65,19.34,20.0,421480
2020-08-18,20.04,20.18,19.3,19.57,365196
2020-08-19,19.68,19.76,19.2,19.2,305690
2020-08-20,19.32,19.55,19.12,19.35,280618
2020-08-21,19.34,19.49,18.25,18.35,550714
2020-08-24,18.5,18.6,17.75,18.3,421489
2020-08-25,18.26,18.88,18.07,18.75,267024
2020-08-26,18.63,18.99,18.314,18.5,309630
2020-08-27,18.66,18.96,17.86,18.15,272235
2020-08-28,18.38,18.42,17.85,18.21,300656
2020-08-31,18.29,18.37,17.96,18.3,225440
2020-09-01,18.04,18.325,17.59,17.61,612774
2020-09-02,17.73,18.33,17.26,18.18,535327
2020-09-03,18.71,18.71,17.41,18.22,574475
2020-09-04,18.1,18.49,17.56,17.99,623785
2020-09-08,17.76,18.94,17.5,18.66,476922
2020-09-09,40.25,42.99,27.87,31.3,40318769
2020-09-10,30.85,32.75,29.56,31.15,5631374
2020-09-11,31.03,32.24,26.61,27.6,12046564
2020-09-14,27.96,31.28,27.96,30.61,4112305
2020-09-15,30.58,31.89,30.18,30.35,2268483
2020-09-16,30.3,31.8,29.696,30.73,1177817
2020-09-17,30.22,31.98,30.22,30.981,970674
2020-09-18,30.02,32.32,30.02,31.45,2383213
2020-09-21,32.0,32.0,29.57,30.09,1099231
2020-09-22,29.5,30.0,28.125,28.41,1025548
2020-09-23,28.34,28.52,27.01,27.01,657402
2020-09-24,27.26,27.26,25.67,26.205,1191063
2020-09-25,26.29,27.49,26.2,26.88,1080224
2020-09-28,27.01,27.405,25.21,25.21,482370
2020-09-29,26.14,26.38,25.42,25.54,562058
2020-09-30,25.99,26.05,25.16,25.66,1104204
2020-10-01,25.89,27.01,25.35,25.74,973963
2020-10-02,25.5,25.5,23.75,23.99,1334318
2020-10-05,24.15,26.49,24.15,26.0,1323157
2020-10-06,26.1,26.425,25.34,25.59,621429
2020-10-07,26.0,26.77,25.91,26.66,598164
2020-10-08,26.89,27.41,26.33,27.0,644267
2020-10-09,27.16,27.61,26.65,27.16,372861
2020-10-12,27.05,27.5,25.95,26.05,470394
2020-10-13,25.9,26.75,25.755,26.0,548981
2020-10-14,25.76,26.8,25.595,26.25,467202
2020-10-15,25.7,26.92,25.5,26.92,298031
2020-10-16,26.99,27.2,26.27,26.34,302860
2020-10-19,26.52,26.67,25.81,26.04,415591
2020-10-20,26.3,26.91,25.51,25.74,939328
2020-10-21,25.72,25.83,24.894,24.97,745062
2020-10-22,25.34,25.9,24.78,25.65,461125
2020-10-23,25.9,26.19,25.4,26.1,306796
2020-10-26,25.74,26.15,24.38,24.86,584074
2020-10-27,24.9,25.0,23.84,23.85,541063
2020-10-28,23.81,23.85,23.02,23.34,605639
2020-10-29,23.18,24.45,22.915,23.98,463933
2020-10-30,23.92,24.84,23.42,24.67,542258
2020-11-02,25.42,25.42,23.23,23.88,891755
2020-11-03,24.3,24.395,23.56,23.92,643560
2020-11-04,24.02,27.02,24.0,26.47,736269
2020-11-05,26.51,26.8,24.11,24.11,851301
2020-11-06,24.12,25.07,24.12,24.46,483552
2020-11-09,25.6,28.77,24.39,26.75,1386267
2020-11-10,26.59,27.48,25.561,25.68,736719
2020-11-11,25.71,26.36,25.11,25.43,410941
2020-11-12,25.5,25.99,25.02,25.64,517006
2020-11-13,25.64,26.86,25.43,26.77,498586
2020-11-16,27.0,27.2,26.46,26.8,456561
2020-11-17,27.11,28.01,26.71,27.66,518975
2020-11-18,27.81,27.895,25.96,26.02,601883
2020-11-19,25.95,26.3,25.325,25.98,350120
2020-11-20,25.74,25.92,24.8,25.0,1064599
2020-11-23,25.05,25.66,24.21,25.06,779118
2020-11-24,25.0,26.17,24.35,25.51,567490
2020-11-25,25.51,26.07,25.295,25.59,407673
2020-11-27,26.0,26.0,24.97,25.0,516172
2020-11-30,25.0,25.19,23.53,23.9,1521702
2020-12-01,23.69,25.367,23.5,23.9,1064629
2020-12-02,23.88,25.19,23.38,25.14,768407
2020-12-03,24.77,25.2,24.5,24.5,356351
2020-12-04,25.03,25.48,24.97,25.48,368880
2020-12-07,24.77,26.025,24.77,25.49,587349
2020-12-08,25.38,26.1,25.1,25.8,489949
2020-12-09,25.9,26.46,24.54,24.58,408591
2020-12-10,26.0,26.6,24.58,25.65,440397
2020-12-11,25.61,25.697,24.36,25.12,454720
2020-12-14,25.01,26.05,25.0,25.27,369334
2020-12-15,26.29,26.74,25.25,26.5,673702
2020-12-16,26.83,27.299,25.87,27.14,946665
2020-12-17,27.27,28.58,26.75,28.18,919739
2020-12-18,28.23,29.21,27.45,28.85,1551175
2020-12-21,28.51,28.89,27.903,28.72,715830
2020-12-22,28.64,30.1,28.57,30.0,796381
2020-12-23,30.2,30.9,29.225,30.71,487628
2020-12-24,31.0,31.56,30.65,31.34,235386
2020-12-28,31.84,32.55,31.093,31.61,537333
2020-12-29,31.68,32.6,30.58,30.81,445983
2020-12-30,31.2,32.6,30.83,32.22,523951
2020-12-31,32.32,32.54,31.65,31.8,881352
2021-01-04,32.0,32.345,30.76,31.69,543996
2021-01-05,31.501,32.58,31.405,31.77,609948
2021-01-06,31.74,33.625,31.7,32.86,625294
2021-01-07,33.9,33.9,32.21,33.0,460655
2021-01-08,33.5,33.66,32.12,32.95,552018
2021-01-11,32.59,32.7,31.52,32.02,554516
2021-01-12,32.05,33.86,31.96,33.48,495014
2021-01-13,33.32,34.4,33.23,33.84,610048
2021-01-14,34.17,34.95,34.0,34.75,454756
2021-01-15,34.05,34.44,33.12,33.78,429660
2021-01-19,34.89,34.89,33.01,33.01,530317
2021-01-20,33.15,33.39,31.801,32.24,550615
2021-01-21,32.26,33.05,31.76,32.685,682460
2021-01-22,32.64,33.58,32.16,33.32,393229
2021-01-25,32.97,34.37,32.93,33.92,369054
2021-01-26,33.92,34.64,33.33,33.33,412947
2021-01-27,32.99,34.2,31.79,31.79,1031349
2021-01-28,31.87,32.69,31.403,32.21,631313
2021-01-29,32.0,33.64,31.88,32.15,666424
2021-02-01,32.0,33.23,31.95,33.07,308972
2021-02-02,33.21,34.23,33.2,33.75,360529
2021-02-03,34.0,35.16,34.0,34.0,611855
2021-02-04,34.84,35.25,33.73,35.101,400645
2021-02-05,34.82,35.9,33.932,35.9,607674
2021-02-08,36.0,38.09,34.0,34.0,747975
2021-02-09,38.08,38.77,37.235,37.7,598102
2021-02-10,37.7,38.0,36.255,37.7,275481
2021-02-11,37.99,39.6,37.85,39.6,625467
2021-02-12,38.94,39.59,38.53,39.08,750212
2021-02-16,39.27,39.62,37.975,38.98,579351
2021-02-17,38.92,39.28,37.56,38.09,398039
2021-02-18,38.83,39.4,38.05,39.02,465743
2021-02-19,37.51,40.0,37.51,39.51,892070
2021-02-22,40.98,40.99,38.6,40.55,719558
2021-02-23,38.97,38.97,35.26,36.89,787286
2021-02-24,37.12,38.14,36.16,37.84,333295
2021-02-25,36.1,37.52,34.28,35.68,513671
2021-02-26,35.5,36.05,33.5,35.43,729271
2021-03-01,35.51,36.91,34.765,34.97,338016
2021-03-02,34.89,36.05,34.39,34.44,287179
2021-03-03,34.55,35.06,32.89,32.89,483243
2021-03-04,32.95,33.64,31.58,33.27,901331
2021-03-05,33.6,34.805,32.2375,34.67,620000
2021-03-08,34.72,35.0199,33.1,33.32,351352
2021-03-09,33.96,35.39,33.2,35.09,418759
2021-03-10,35.71,36.25,34.83,35.33,297673
2021-03-11,37.64,37.64,35.44,36.98,526374
2021-03-12,36.69,36.85,35.66,36.54,218673
2021-03-15,36.61,36.61,35.38,35.68,189889
2021-03-16,36.61,36.61,34.27,35.03,220109
2021-03-17,34.52,35.64,34.06,35.36,256949
2021-03-18,35.07,35.92,34.64,35.04,409923
2021-03-19,34.92,35.98,34.29,35.94,982726
2021-03-22,35.87,36.37,34.8,35.01,242902
2021-03-23,34.93,34.93,32.37,32.54,364973
2021-03-24,32.7,32.7,30.685,32.54,350336
2021-03-25,30.51,32.07,30.26,31.8,366373
2021-03-26,32.07,33.04,31.15,32.15,311167
2021-03-29,31.9,32.9,31.68,32.02,342130
2021-03-30,31.79,32.91,31.49,32.51,255082
2021-03-31,32.5,34.33,32.5,33.93,1189253
2021-04-01,33.92,35.02,33.68,34.16,259415
2021-04-05,34.35,34.6899,32.31,32.48,236905
2021-04-06,32.36,32.53,31.01,31.5,239233
2021-04-07,31.49,32.315,30.95,31.66,376174
2021-04-08,31.71,32.3167,31.335,31.51,208285
2021-04-09,31.59,32.22,31.06,31.69,263141
2021-04-12,31.91,32.12,30.75,31.71,267707
2021-04-13,32.01,32.45,30.7,31.03,312469
2021-04-14,31.19,33.12,31.06,32.27,415965
2021-04-15,32.52,33.96,32.13,32.35,232186
2021-04-16,32.47,32.63,30.96,31.22,192638
2021-04-19,31.22,31.5,29.59,30.13,306464
2021-04-20,30.18,30.86,29.7,30.56,277376
2021-04-21,30.26,30.66,28.8,29.3,409620
2021-04-22,29.56,31.17,29.15,30.4,319605
2021-04-23,30.5,31.5,30.4,31.06,416482
2021-04-26,31.24,33.26,31.02,33.13,332267
2021-04-27,33.45,34.03,32.73,33.58,369299
2021-04-28,33.5,34.56,33.045,34.23,195560
2021-04-29,34.44,34.58,33.52,34.47,257011
2021-04-30,34.34,34.96,34.22,34.43,323872
2021-05-03,35.0,35.0,33.91,34.74,318338
2021-05-04,34.41,34.41,31.54,31.95,934879
2021-05-05,32.15,33.105,31.6,32.38,442502
2021-05-06,32.16,33.51,31.4,33.43,236124
2021-05-07,33.85,35.07,33.4439,35.03,349028
2021-05-10,35.0,36.98,33.16,36.0,628297
2021-05-11,35.8,37.23,34.45,37.12,605093
2021-05-12,37.12,38.3,36.89,38.3,535453
2021-05-13,37.68,38.75,37.22,37.7,534845
2021-05-14,38.06,38.6,36.88,37.6,375020
2021-05-17,37.55,38.15,36.67,37.1,224545
2021-05-18,37.28,37.91,36.7301,37.34,229274
2021-05-19,36.97,38.15,36.78,38.08,264062
2021-05-20,38.19,39.5,37.89,39.22,430555
2021-05-21,39.71,40.0,38.87,39.69,373702
2021-05-24,40.34,40.84,38.19,38.28,435306
2021-05-25,38.1,38.74,37.751,38.24,260553
2021-05-26,38.31,39.49,38.185,39.27,251999
2021-05-27,39.69,40.03,39.01,39.52,255434
2021-05-28,39.92,40.79,39.36,39.41,324232
2021-06-01,39.47,39.65,38.27,38.92,331854
2021-06-02,38.99,39.27,37.95,38.28,189120
2021-06-03,38.21,39.0,37.98,38.3,432362
2021-06-04,38.56,39.18,38.12,38.74,176369
2021-06-07,38.57,41.7,38.57,40.72,437828
2021-06-08,41.0,41.7,40.04,41.44,386205
2021-06-09,41.75,42.11,41.06,42.11,287159
2021-06-10,42.02,43.52,41.92,43.33,502695
2021-06-11,43.59,43.77,41.275,41.68,475716
2021-06-14,41.75,42.76,41.75,42.75,207464
2021-06-15,42.89,43.8209,42.37,43.31,343343
2021-06-16,42.84,43.43,42.42,43.0,227027
2021-06-17,43.11,43.61,42.56,43.16,215756
2021-06-18,41.91,43.27,41.9,43.18,555074
2021-06-21,43.64,43.86,42.93,43.45,201073
2021-06-22,43.61,44.6,43.18,44.5,353672
2021-06-23,44.8,44.8,42.91,43.29,583444
2021-06-24,43.56,44.26,43.28,43.78,453830
2021-06-25,43.64,43.91,41.06,41.51,1748964
2021-06-28,42.19,42.21,40.0,40.23,582279
2021-06-29,40.02,42.0,39.19,42.0,424284
2021-06-30,39.56,41.12,39.28,40.82,493972
2021-07-01,40.89,42.57,40.66,42.49,309849
2021-07-02,42.43,42.99,41.59,42.25,150695
2021-07-06,42.39,42.97,41.94,42.1,287761
2021-07-07,42.22,42.74,40.98,41.2,294108
2021-07-08,40.1,41.03,39.8,40.65,258098
2021-07-09,40.44,40.98,40.16,40.74,189575
2021-07-12,40.92,41.2,39.71,39.85,230107
2021-07-13,39.64,40.415,39.5,39.66,309832
2021-07-14,39.96,40.02,37.84,37.94,315769
2021-07-15,37.64,38.16,36.3801,37.51,330473
2021-07-16,37.95,37.95,36.29,36.4,290990
2021-07-19,35.64,36.49,35.33,35.52,321233
2021-07-20,35.47,36.98,35.1,36.88,468097
2021-07-21,37.16,37.62,37.0,37.54,259145
2021-07-22,37.96,37.96,36.56,37.02,530710
2021-07-23,37.29,37.29,36.06,36.135,291508
2021-07-26,36.37,36.38,34.74,34.85,301580
2021-07-27,34.181,34.76,33.38,34.14,525523
2021-07-28,34.41,35.5,34.17,34.83,552257
2021-07-29,34.94,36.21,34.94,35.19,234856
2021-07-30,35.0,35.3331,34.07,34.33,222365
2021-08-02,34.42,35.38,34.3,34.86,151802
2021-08-03,34.88,34.88,33.75,34.6,188542
2021-08-04,34.33,34.88,33.47,33.52,227517
2021-08-05,32.2,34.45,32.2,34.27,158922
2021-08-06,34.51,34.75,33.16,33.49,309095
2021-08-09,35.14,35.2999,30.76,31.69,724675
2021-08-10,31.73,32.13,28.82,28.9,639672
2021-08-11,28.89,29.5,28.7601,29.18,418083
2021-08-12,28.96,29.61,28.4,29.16,462967
2021-08-13,29.15,29.22,28.46,29.03,352184
2021-08-16,28.71,29.78,28.525,29.44,555922
2021-08-17,29.28,30.7,29.225,30.37,601358
2021-08-18,30.45,30.45,29.0,29.0,379600
2021-08-19,28.84,30.1,28.55,28.72,263417
2021-08-20,28.55,29.75,28.445,29.34,366140
2021-08-23,29.7,30.91,29.7,30.89,305286
2021-08-24,30.82,31.8729,30.78,31.79,271580
2021-08-25,31.73,32.5,31.54,32.5,266207
2021-08-26,31.89,32.39,31.04,31.11,233406
2021-08-27,31.07,32.26,31.0,31.43,287438
2021-08-30,31.53,32.8,31.42,32.38,449537
2021-08-31,32.45,33.84,32.31,33.2,381484
2021-09-01,33.15,34.375,32.905,34.24,265105
2021-09-02,34.54,35.065,33.92,34.81,260174
2021-09-03,34.58,35.27,33.89,34.6,280387
2021-09-07,34.37,34.82,33.82,33.99,184673
2021-09-08,33.74,34.34,32.95,33.93,172924
2021-09-09,33.67,35.02,33.67,34.19,244107
2021-09-10,34.34,34.4,33.15,33.24,184782
2021-09-13,33.47,34.29,32.84,33.41,262600
2021-09-14,33.02,33.91,32.64,32.77,171442
2021-09-15,32.81,33.9294,32.3516,33.47,438117
2021-09-16,33.32,34.7,33.15,34.5,257104
2021-09-17,34.21,34.885,33.76,34.36,731349
2021-09-20,34.11,35.66,34.01,35.35,506927
2021-09-21,36.27,37.45,35.165,37.18,345341
2021-09-22,37.33,37.57,36.24,37.4,293327
2021-09-23,37.9,38.36,37.205,37.96,274131
2021-09-24,37.97,37.97,36.23,36.75,262911
2021-09-27,38.1,38.24,36.13,37.76,230112
2021-09-28,37.76,37.88,36.83,36.98,200839
2021-09-29,36.93,37.71,35.68,35.82,246871
2021-09-30,35.99,37.65,35.68,37.28,521438
2021-10-01,36.5501,39.03,36.51,38.46,230092
2021-10-04,38.33,39.7,38.05,39.42,264954
2021-10-05,39.22,39.88,36.36,37.57,582852
2021-10-06,37.0,37.61,36.6501,37.31,160733
2021-10-07,37.62,38.86,37.62,38.35,284379
2021-10-08,38.62,38.62,37.21,37.93,132093
2021-10-11,38.02,38.1164,36.8482,37.49,160447
2021-10-12,37.37,38.06,37.245,37.83,211145
2021-10-13,37.99,38.02,36.235,37.68,210345
2021-10-14,38.32,40.0,38.25,39.37,186884
2021-10-15,39.38,40.0,39.195,39.5,359036
2021-10-18,39.7,42.19,38.455,41.69,369768
2021-10-19,41.96,42.68,40.98,41.82,516216
2021-10-20,42.99,43.0999,41.22,41.54,219018
2021-10-21,41.77,43.08,40.55,42.89,240637
2021-10-22,43.11,43.61,41.775,43.13,305215
2021-10-25,43.3,43.8198,42.5,43.06,314524
2021-10-26,43.32,44.24,43.0,44.13,232422
2021-10-27,43.84,44.485,41.4546,43.5,314889
2021-10-28,43.68,44.48,43.5,43.5,321537
2021-10-29,44.49,44.5,41.9,43.07,473357
2021-11-01,42.83,46.0,41.995,45.73,427523
2021-11-02,45.54,46.94,44.5,46.84,355772
2021-11-03,46.99,47.025,45.06,45.87,345819
2021-11-04,46.24,46.67,45.76,46.03,575231
2021-11-05,46.07,46.51,44.56,46.0,436357
2021-11-08,44.87,45.39,43.8401,44.22,302600
2021-11-09,44.25,45.525,43.32,44.31,340335
2021-11-10,44.13,44.66,42.46,43.01,445131
2021-11-11,43.21,43.91,42.745,42.78,297693
2021-11-12,43.46,43.46,40.5,41.06,384622
2021-11-15,41.39,41.73,40.01,40.25,340641
2021-11-16,40.01,41.55,39.76,40.87,351371
2021-11-17,40.68,41.825,39.95,40.25,351665
2021-11-18,40.31,40.74,39.89,40.3,267094
2021-11-19,40.29,41.1549,40.155,40.28,198405
2021-11-22,40.595,41.73,39.85,41.25,485745
2021-11-23,41.15,42.8,41.1001,42.01,756430
2021-11-24,43.41,43.73,40.93,43.56,255946
2021-11-26,43.5,43.7771,41.2591,42.45,258904
2021-11-29,43.18,43.6,40.85,40.93,509449
2021-11-30,40.85,42.42,39.92,40.48,417160
2021-12-01,41.35,41.35,38.44,38.54,387198
2021-12-02,38.54,38.96,37.3012,38.62,259404
2021-12-03,38.33,39.0,35.86,36.31,256873
2021-12-06,36.32,37.81,34.43,35.2,403179
2021-12-07,35.98,38.07,35.98,37.71,403302
2021-12-08,37.77,39.425,37.6258,39.17,269376
2021-12-09,39.17,39.53,37.5001,37.5001,369424
2021-12-10,37.71,37.98,34.75,35.5,384243
2021-12-13,36.98,36.98,35.0,36.4,311980
2021-12-14,35.75,36.27,34.61,35.7,332375
2021-12-15,36.0,37.7,34.88,37.7,505697
2021-12-16,37.8,40.16,36.48,36.98,526105
2021-12-17,38.0,40.61,36.2,39.51,982177
2021-12-20,40.0,49.0,40.0,45.3,4939481
2021-12-21,45.99,49.35,44.13,48.2977,2037436
2021-12-22,48.28,51.0,47.64,49.0,1415581
2021-12-23,49.71,53.76,49.71,51.5101,1025333
2021-12-27,51.67,53.71,50.6306,53.42,554440
2021-12-28,53.49,55.195,52.25,52.46,716331
2021-12-29,52.88,52.91,51.0,51.0,325549
2021-12-30,50.99,54.17,50.12,52.2,412131
2021-12-31,52.6,54.47,52.11,52.34,407823
2022-01-03,52.42,52.68,45.88,48.0,426006
2022-01-04,48.5,48.5,42.52,44.0,3344922
2022-01-05,44.01,47.76,42.5,45.1,5827650
2022-01-06,45.35,46.74,44.03,44.03,1807264
2022-01-07,45.79,46.0,42.43,42.8,2312808
2022-01-10,42.5,42.8,39.5,41.0,1442883
2022-01-11,40.45,41.38,39.91,40.38,525104
2022-01-12,40.38,41.27,39.17,39.72,623741
2022-01-13,39.77,42.35,39.24,40.97,910084
2022-01-14,40.93,43.21,40.16,43.07,541331
2022-01-18,42.94,43.485,40.31,40.34,628626
2022-01-19,40.29,40.7803,38.69,38.74,548068
2022-01-20,39.0,40.35,38.58,38.87,569764
2022-01-21,38.64,44.06,38.51,42.93,2160055
2022-01-24,42.51,44.6,40.61,44.34,1296253
2022-01-25,44.5,47.34,43.6,46.8,1028356
2022-01-26,47.44,49.735,47.09,47.73,1085459
2022-01-27,47.03,48.15,44.76,45.7,677979
2022-01-28,45.0,46.42,44.16,45.74,447250
2022-01-31,45.63,47.735,45.16,47.49,642066
2022-02-01,47.78,48.97,47.235,48.43,450082
2022-02-02,48.06,48.91,46.93,48.06,477715
2022-02-03,48.29,48.29,45.77,47.0,483663
2022-02-04,46.71,48.982,45.5167,48.72,620851
2022-02-07,49.41,51.38,48.55,50.97,606597
2022-02-08,50.51,51.265,49.03,51.12,384562
2022-02-09,51.8,52.925,51.03,52.55,581479
2022-02-10,51.46,53.24,50.62,51.67,453547
2022-02-11,51.42,53.31,50.69,53.01,865204
2022-02-14,53.29,54.75,52.4511,53.0,1031022
2022-02-15,53.0,56.59,53.0,56.0,1023449
2022-02-16,57.6499,57.6499,55.16,55.81,823453
2022-02-17,55.14,58.22,55.14,57.49,959687
2022-02-18,56.8,57.75,55.3,56.63,1227064
2022-02-22,55.5,56.34,54.36,54.62,735815
2022-02-23,54.76,55.16,52.7201,53.05,626076
2022-02-24,51.21,53.69,49.9,53.57,1143565
2022-02-25,54.24,55.47,53.96,55.28,484655
2022-02-28,55.02,55.635,53.7,55.45,822876
2022-03-01,53.9,58.8799,53.0,56.83,881364
2022-03-02,56.98,59.88,56.27,57.05,483550
2022-03-03,56.71,57.53,54.62,55.99,632050
2022-03-04,55.52,56.62,53.95,55.09,569337
2022-03-07,54.75,55.015,52.09,53.23,831226
2022-03-08,52.88,56.19,52.36,53.94,763549
2022-03-09,54.5,58.195,54.3994,57.14,709292
2022-03-10,57.14,57.14,54.0,56.73,549999
2022-03-11,56.73,59.86,56.495,59.86,590808
2022-03-14,59.74,59.74,56.42,56.93,798444
2022-03-15,57.58,58.6,55.5,58.37,366546
2022-03-16,58.43,60.0,57.725,60.0,582561
2022-03-17,59.58,60.6,59.21,60.38,817624
2022-03-18,60.69,62.45,60.0,61.05,1244023
2022-03-21,61.1,61.13,57.5,59.0,796472
2022-03-22,58.62,60.51,58.58,60.37,397590
2022-03-23,60.37,61.37,59.36,59.5,286442
2022-03-24,59.6,60.27,59.01,59.6,284425
2022-03-25,59.63,61.22,59.29,60.78,410823
2022-03-28,60.9,61.54,58.86,61.48,679853
2022-03-29,62.0,65.6935,61.55,62.1,1169019
2022-03-30,61.92,64.16,60.05,60.32,600274
2022-03-31,60.74,61.7,59.67,61.19,1063340
2022-04-01,61.25,63.02,59.72,62.68,888179
2022-04-04,62.77,63.6,60.83,63.09,686550
2022-04-05,63.02,64.9,62.32,63.21,491495
2022-04-06,61.01,65.91,61.01,65.31,629253
2022-04-07,65.67,66.0,64.075,64.4,768124
2022-04-08,63.99,65.58,62.85,65.0,841000
2022-04-11,63.97,64.245,61.47,62.76,741965
2022-04-12,63.05,65.98,62.62,63.33,722915
2022-04-13,63.42,65.4261,62.08,64.7,489233
2022-04-14,64.62,64.87,63.862,64.3,475794
2022-04-18,63.67,63.8899,60.17,60.61,624210
2022-04-19,60.35,62.725,59.83,61.1,507373
2022-04-20,60.71,61.81,59.91,60.03,495174
2022-04-21,60.17,60.46,55.48,55.75,765197
2022-04-22,55.42,55.42,51.965,52.44,1324196
2022-04-25,52.45,55.83,51.48,55.83,498186
2022-04-26,52.93,53.67,51.52,51.69,392870
2022-04-27,51.96,54.31,51.33,53.05,728738
2022-04-28,53.56,54.04,50.21,51.64,428984
2022-04-29,51.64,53.24,50.21,50.61,469012
2022-05-02,50.65,52.5925,50.15,51.77,385780
2022-05-03,51.72,52.6099,49.05,49.05,239523
2022-05-04,51.34,51.57,48.36,51.0,604862
2022-05-05,51.04,51.54,48.1,48.69,486746
2022-05-06,49.0,49.2416,45.91,46.2,970257
2022-05-09,45.32,46.5,42.42,43.0,1121633
2022-05-10,47.0,53.34,46.0,53.2,2402498
2022-05-11,53.95,56.55,52.3306,53.38,1613868
2022-05-12,52.87,56.08,52.7,55.22,724668
2022-05-13,55.85,59.51,55.85,59.1,783803
2022-05-16,59.5,60.02,58.0,58.92,549390
2022-05-17,59.92,60.06,58.59,59.41,629521
2022-05-18,58.49,58.79,56.8926,58.5,852543
2022-05-19,58.75,60.64,57.39,57.73,667060
2022-05-20,57.0,59.85,55.55,57.88,690384
2022-05-23,58.67,58.96,57.35,58.41,409972
2022-05-24,57.9,58.33,55.88,56.96,384338
2022-05-25,56.75,56.75,55.55,56.67,494845
2022-05-26,57.14,59.295,56.7,58.72,283040
2022-05-27,57.13,58.915,54.59,58.28,520053
2022-05-31,57.84,58.73,56.83,57.4,428346
2022-06-01,57.47,58.5,54.795,55.48,346204
2022-06-02,55.08,56.07,53.91,55.66,452453
2022-06-03,55.15,59.96,55.1112,58.35,347047
2022-06-06,58.88,59.82,58.11,58.2,300016
2022-06-07,57.95,60.0,57.95,58.9,301371
2022-06-08,58.21,59.345,56.08,57.61,331165
2022-06-09,57.24,57.87,55.26,55.48,269738
2022-06-10,54.85,54.85,51.23,53.02,488328
2022-06-13,51.23,53.88,51.12,53.2,726226
2022-06-14,53.59,54.5,51.98,54.02,379400
2022-06-15,54.56,57.57,53.76,56.53,656713
2022-06-16,54.93,56.09,52.78,53.43,501930
2022-06-17,53.91,58.55,53.91,54.94,1303699
2022-06-21,55.32,56.9188,54.73,54.82,619930
2022-06-22,54.0,55.85,53.13,54.27,467578
2022-06-23,53.94,57.74,53.44,57.19,601595
2022-06-24,57.83,58.5072,55.26,55.62,1322806
2022-06-27,56.2,59.04,55.97,57.9,552186
2022-06-28,57.8,58.99,55.1,55.23,559001
2022-06-29,56.02,58.97,54.8351,58.31,474457
2022-06-30,56.55,58.79,56.29,57.08,624555
2022-07-01,56.67,57.12,53.13,55.17,685056
2022-07-05,54.6,57.29,53.17,57.09,355927
2022-07-06,57.9993,59.7451,54.97,56.0,415890
2022-07-07,57.34,59.16,56.8471,58.01,515393
2022-07-08,57.07,58.56,56.59,57.57,340386
2022-07-11,57.22,57.54,53.395,55.4,441422
2022-07-12,55.09,56.035,53.27,54.47,233466
2022-07-13,53.78,55.61,53.26,53.39,422377
2022-07-14,53.0,56.195,52.26,55.95,417925
2022-07-15,55.8,56.4,53.58,55.25,341155
2022-07-18,55.68,56.77,53.9,54.19,362228
2022-07-19,55.0,57.89,54.38,55.93,408151
2022-07-20,55.91,57.28,55.39,56.5,430555
2022-07-21,56.78,56.87,54.46,55.81,348747
2022-07-22,56.17,56.93,55.03,55.67,300583
2022-07-25,55.61,55.77,52.11,53.0,646954
2022-07-26,53.24,54.35,52.99,53.25,232841
2022-07-27,53.789,54.32,52.87,53.75,279652
2022-07-28,53.79,54.465,52.185,54.0,363586
2022-07-29,54.26,54.48,52.95,54.12,381375
2022-08-01,53.88,54.12,51.365,51.72,479236
2022-08-02,52.09,55.33,51.975,55.26,707704
2022-08-03,55.99,57.865,55.4,56.2,543421
2022-08-04,55.97,58.908,55.97,58.77,577337
2022-08-05,58.05,61.5921,56.08,61.5921,1074040
2022-08-08,61.59,61.59,56.85,58.85,1173893
2022-08-09,58.85,61.0,55.03,56.33,624085
2022-08-10,57.47,59.45,57.015,59.19,414418
2022-08-11,58.81,59.83,56.01,57.02,645754
2022-08-12,56.93,57.35,52.86,53.57,1077862
2022-08-15,53.91,54.1979,51.24,52.53,856889
2022-08-16,52.3,53.84,50.83,53.81,551142
2022-08-17,53.13,54.25,51.285,51.6,489882
2022-08-18,51.11,52.17,50.73,50.74,580583
2022-08-19,50.17,52.065,49.75,51.42,634097
2022-08-22,50.0,51.3,47.9,49.14,1080900
2022-08-23,49.13,50.095,48.25,49.84,612240
2022-08-24,49.83,50.92,49.76,50.29,406381
2022-08-25,50.37,50.97,48.86,49.31,441658
2022-08-26,49.66,51.15,48.995,49.7,496328
2022-08-29,49.0,50.52,48.92,49.55,431991
2022-08-30,50.06,50.06,48.82,48.84,412582
2022-08-31,49.03,50.34,48.8291,50.0,449832
2022-09-01,49.78,50.56,49.645,50.52,307291
2022-09-02,50.52,51.77,49.59,51.61,479891
2022-09-06,51.53,52.2,50.28,50.78,363484
2022-09-07,50.76,52.23,50.28,52.21,530446
2022-09-08,51.71,52.75,51.11,52.0,334806
2022-09-09,52.36,53.24,51.78,52.0,421600
2022-09-12,52.01,53.58,51.06,53.12,237933
2022-09-13,51.81,53.355,51.17,52.2,392839
2022-09-14,52.22,52.25,49.8,50.14,668749
2022-09-15,49.81,50.64,48.58,50.53,398634
2022-09-16,50.02,50.4,47.62,48.2,631142
2022-09-19,47.77,48.36,46.867,47.61,520921
2022-09-20,46.91,47.18,45.74,46.39,472114
2022-09-21,46.5,46.57,44.16,44.25,667662
2022-09-22,44.1,46.34,42.93,45.6,1038311
2022-09-23,45.6,45.6,43.02,43.51,721567
2022-09-26,42.63,44.59,42.43,42.65,416389
2022-09-27,43.11,44.99,43.0701,44.58,511836
2022-09-28,44.86,46.0,44.82,45.36,386036
2022-09-29,45.36,45.36,43.9,45.25,346279
2022-09-30,45.27,47.36,45.24,47.32,839594
2022-10-03,46.01,48.31,45.48,47.76,390854
2022-10-04,48.47,48.94,47.75,48.8,367337
2022-10-05,48.08,48.71,46.87,47.46,350016
2022-10-06,47.31,47.5,46.535,47.15,284286
2022-10-07,47.04,49.19,46.84,47.94,765946
2022-10-10,47.91,48.37,46.81,47.6,511247
2022-10-11,47.42,48.56,46.27,46.99,686158
2022-10-12,47.41,48.21,47.05,47.89,304479
2022-10-13,48.0,48.95,46.455,48.55,391002
2022-10-14,48.64,48.9,46.81,46.97,467599
2022-10-17,47.54,48.92,46.81,47.36,467623
2022-10-18,47.97,49.24,47.81,48.68,354071
2022-10-19,48.22,48.2737,46.33,46.88,395979
2022-10-20,46.7,47.1,44.18,44.71,668105
2022-10-21,44.67,46.9,44.36,46.9,299626
2022-10-24,46.61,46.84,44.04,44.07,371675
2022-10-25,44.14,45.03,44.05,45.0,368702
2022-10-26,44.99,46.7,44.18,46.0,461477
2022-10-27,46.31,46.61,44.54,44.83,368318
2022-10-28,45.0,46.41,43.93,46.3,694790
2022-10-31,46.28,46.79,44.92,45.67,672635
2022-11-01,45.85,46.755,45.85,45.93,441466
2022-11-02,45.74,47.48,43.857,46.0,963992
2022-11-03,46.0,52.65,46.0,51.88,1400802
2022-11-04,52.7,53.0,49.7,51.22,703021
2022-11-07,51.3,53.36,51.24,52.34,679534
2022-11-08,52.71,54.25,51.71,52.0,560507
2022-11-09,51.69,52.18,49.62,50.01,441380
2022-11-10,52.35,52.45,49.05,50.67,478584
2022-11-11,50.81,53.67,50.57,52.88,631358
2022-11-14,53.13,53.39,51.135,51.21,370280
2022-11-15,51.82,51.955,50.14,50.66,336851
2022-11-16,50.68,50.74,48.88,50.14,437012
2022-11-17,49.44,51.07,49.09,50.61,358195
2022-11-18,51.35,52.69,50.39,51.94,424526
2022-11-21,52.13,53.585,51.82,52.08,371524
2022-11-22,52.22,53.01,51.17,52.87,298854
2022-11-23,53.25,53.57,50.72,51.19,343532
2022-11-25,51.27,52.5,51.2625,52.5,93147
2022-11-28,52.11,53.01,51.74,52.16,292118
2022-11-29,52.44,53.98,52.06,53.0,336938
2022-11-30,52.85,54.26,51.495,54.22,519847
2022-12-01,54.3,54.835,53.185,53.45,243604
2022-12-02,53.0,54.74,52.28,54.08,319913
2022-12-05,53.63,54.87,53.45,54.87,295802
2022-12-06,54.0,54.21,52.36,53.22,296908
2022-12-07,52.98,54.98,52.9,54.98,437662
2022-12-08,54.52,54.99,51.72,53.0,480399
2022-12-09,51.46,52.16,50.56,51.63,291958
2022-12-12,52.13,52.78,51.4401,52.69,446988
2022-12-13,54.28,55.0,52.765,54.45,489206
2022-12-14,54.49,54.79,52.61,52.77,281607
2022-12-15,52.44,52.5,51.44,51.83,495465
2022-12-16,51.83,51.83,49.87,51.05,605057
2022-12-19,51.4,51.99,49.72,50.12,287746
2022-12-20,49.87,51.46,49.3997,51.38,313319
2022-12-21,51.75,52.81,50.77,52.41,257555
2022-12-22,51.97,52.38,50.52,51.58,233496
2022-12-23,51.7,51.99,49.71,50.64,444111
2022-12-27,50.59,50.59,49.49,49.85,161884
2022-12-28,49.93,51.46,49.93,51.0,259703
2022-12-29,51.38,53.83,50.955,53.54,228843
2022-12-30,53.19,53.9,52.51,52.92,244513
2023-01-03,52.89,53.29,51.27,51.66,294439
2023-01-04,52.4,53.1774,51.08,51.08,339589
2023-01-05,50.68,52.77,50.18,51.25,504136
2023-01-06,51.7,52.74,50.8042,52.06,329518
2023-01-09,52.32,52.81,50.58,50.79,368557
2023-01-10,50.78,51.98,48.4,48.8,383449
2023-01-11,48.56,48.62,46.27,47.72,873516
2023-01-12,47.67,49.0,46.3201,49.0,807948
2023-01-13,48.1,48.95,47.3,48.03,371488
2023-01-17,47.9,49.0291,47.03,48.75,460098
2023-01-18,48.72,48.73,46.99,47.87,436329
2023-01-19,48.04,48.67,47.22,47.22,344247
2023-01-20,48.17,48.355,47.31,47.95,456432
2023-01-23,48.42,49.07,47.99,48.53,375216
2023-01-24,48.49,49.52,47.805,48.89,281427
2023-01-25,48.84,49.81,47.94,48.95,395821
2023-01-26,48.85,49.12,48.09,48.77,216291
2023-01-27,48.51,49.295,47.74,47.75,428534
2023-01-30,47.8,48.09,46.82,46.99,252586
2023-01-31,47.35,48.79,47.35,47.92,387864
2023-02-01,48.11,48.715,47.44,47.82,357648
2023-02-02,47.85,49.84,47.09,48.44,485841
2023-02-03,49.45,49.81,48.29,48.92,373863
2023-02-06,48.89,49.54,47.26,47.52,241674
2023-02-07,47.49,47.61,46.22,47.27,370357
2023-02-08,47.18,48.86,46.89,48.36,329367
2023-02-09,48.62,50.68,48.61,49.79,878091
2023-02-10,49.56,50.24,48.44,48.67,634426
2023-02-13,48.61,49.43,48.2,48.8159,406290
2023-02-14,48.8,49.96,48.38,49.42,434057
2023-02-15,49.1,50.18,48.74,50.0,518780
2023-02-16,49.71,50.85,49.24,49.86,445466
2023-02-17,50.19,50.72,49.5,50.01,540551
2023-02-21,49.6,49.61,46.09,46.44,1150519
2023-02-22,46.5,47.32,46.04,46.28,474692
2023-02-23,45.7,48.055,41.0,47.0,744175
2023-02-24,47.05,47.58,46.77,47.32,621670
2023-02-27,47.4,49.1,47.3,48.57,568817
2023-02-28,48.51,49.92,48.4,49.03,959239
2023-03-01,49.99,54.59,47.08,49.32,1305259
2023-03-02,49.0,49.0,45.9,46.78,665466
2023-03-03,46.61,46.69,45.55,45.87,647027
2023-03-06,46.0,47.62,45.47,47.59,572360
2023-03-07,47.66,47.76,45.89,46.14,333053
2023-03-08,45.88,46.52,45.43,46.4,266826
2023-03-09,46.5,47.145,43.95,43.95,370809
2023-03-10,44.0,44.3,42.01,44.1,584749
2023-03-13,43.82,45.525,43.61,45.11,489128
2023-03-14,45.56,46.71,44.38,45.31,466243
2023-03-15,44.72,44.93,43.37,43.8,386663
2023-03-16,43.53,45.65,43.18,45.25,461449
2023-03-17,45.31,46.45,43.9,45.99,736077
2023-03-20,45.95,46.56,44.9865,45.9,448038
2023-03-21,46.26,46.79,45.45,46.18,575350
2023-03-22,46.19,46.68,44.9,45.61,445865
2023-03-23,46.06,46.71,45.26,45.89,378656
2023-03-24,45.78,46.75,44.995,46.74,351784
2023-03-27,47.18,48.22,46.975,47.88,334665
2023-03-28,48.39,58.15,48.39,54.92,2838713
2023-03-29,56.9,57.49,55.98,57.49,925563
2023-03-30,57.59,57.68,55.81,56.05,440566
2023-03-31,56.51,58.85,53.26,54.15,1201933
2023-04-03,52.75,55.3818,52.75,54.67,937379
2023-04-04,54.61,56.835,54.29,56.01,813346
2023-04-05,56.57,56.92,55.26,56.51,489814
2023-04-06,56.74,59.43,56.58,59.3,842522
2023-04-10,58.99,59.74,58.04,59.07,662450
2023-04-11,59.73,60.48,58.52,58.7,543468
2023-04-12,59.04,59.53,58.56,58.7,401634
2023-04-13,58.79,60.0,58.2,60.0,698547
2023-04-14,59.2,61.3,58.98,60.0,665570
2023-04-17,60.47,63.5,60.17,63.1,740488
2023-04-18,63.15,63.46,61.85,62.74,388052
2023-04-19,62.24,63.175,61.95,63.0,563673
2023-04-20,62.4,62.88,60.365,60.84,738892
2023-04-21,60.14,63.05,60.14,62.51,597124
2023-04-24,62.34,63.08,61.04,62.25,714920
2023-04-25,62.16,62.62,60.74,60.79,416763
2023-04-26,60.84,61.58,60.4302,61.04,847962
2023-04-27,61.44,62.25,60.8,61.99,490429
2023-04-28,61.45,63.02,61.27,62.15,481689
2023-05-01,62.44,64.7693,62.17,64.7693,1438610
2023-05-02,63.5,66.09,62.62,64.34,997935
2023-05-03,63.33,65.3,62.86,65.2999,540554
2023-05-04,62.4,62.79,60.16,61.97,585748
2023-05-05,61.0,64.66,61.0,63.35,519625
2023-05-08,63.47,64.97,63.2,64.05,544549
2023-05-09,63.59,64.24,62.34,63.94,345424
2023-05-10,64.2,66.56,63.7,66.0,543140
2023-05-11,66.07,66.08,63.76,64.37,547953
2023-05-12,64.38,65.08,63.51,64.42,381998
2023-05-15,64.5,65.585,64.21,64.91,353437
2023-05-16,64.25,64.25,61.92,63.14,579544
2023-05-17,64.09,64.15,62.21,63.41,506657
2023-05-18,64.57,64.57,62.1825,62.98,684251
2023-05-19,63.48,63.55,62.17,62.42,425001
2023-05-22,62.66,63.23,62.07,62.64,311983
2023-05-23,62.59,63.89,61.415,61.83,376618
2023-05-24,61.64,62.22,60.48,61.0,353645
2023-05-25,61.0,62.155,59.13,60.17,469460
2023-05-26,60.07,60.72,59.77,60.2,313925
2023-05-30,60.06,60.25,59.31,59.43,464192
2023-05-31,61.908,61.908,59.31,59.38,324225
2023-06-01,59.28,60.46,58.33,59.53,415666
2023-06-02,60.09,61.6599,59.03,61.32,417031
2023-06-05,61.12,63.26,60.76,63.21,317248
2023-06-06,63.11,65.6,62.58,65.41,657742
2023-06-07,65.3,65.72,63.46,65.13,599701
2023-06-08,65.06,66.425,65.06,65.5,408220
2023-06-09,64.97,65.93,64.7,65.82,291305
2023-06-12,62.53,66.405,59.41,64.39,391208
2023-06-13,64.5,66.06,64.34,65.05,606551
2023-06-14,64.98,65.41,62.7,64.4,640556
2023-06-15,63.61,64.59,63.03,64.27,314987
2023-06-16,65.0,65.02,63.16,63.95,556331
2023-06-20,63.49,65.62,63.08,65.48,328973
2023-06-21,65.38,67.05,63.86,66.43,598076
2023-06-22,66.47,67.0,65.1625,66.3,298624
2023-06-23,64.95,65.5,63.76,63.79,663148
2023-06-26,63.67,64.47,62.23,62.61,354556
2023-06-27,62.62,63.0,61.0,63.0,766229
2023-06-28,62.7,63.08,61.69,62.19,702351
2023-06-29,62.09,62.83,61.64,61.96,329012
2023-06-30,62.89,63.56,61.97,63.32,413168
2023-07-03,63.0,63.095,62.08,62.59,136090
2023-07-05,62.49,63.97,61.01,63.48,250381
2023-07-06,63.55,64.95,62.13,64.1,372227
2023-07-07,64.18,64.97,62.07,62.27,321958
2023-07-10,62.25,62.5,60.31,60.98,646543
2023-07-11,60.72,62.02,60.26,61.95,564153
2023-07-12,62.6,63.09,61.97,62.8,381305
2023-07-13,63.28,63.4079,61.91,62.79,526731
2023-07-14,61.86,63.62,61.86,63.52,448519
2023-07-17,63.71,65.0,63.255,63.52,423729
2023-07-18,63.63,64.35,62.67,62.85,511227
2023-07-19,62.9,63.59,61.22,63.04,451302
2023-07-20,63.1,64.25,62.02,62.03,422201
2023-07-21,62.22,63.025,61.8,62.08,454402
2023-07-24,61.98,62.36,61.1298,61.53,184096
2023-07-25,61.27,61.89,60.71,60.73,243606
2023-07-26,60.4,61.495,60.27,61.35,372267
2023-07-27,60.03,62.73,60.03,61.96,298054
2023-07-28,63.0,63.0,58.61,62.0,713862
2023-07-31,60.121,62.66,60.121,61.84,356216
2023-08-01,61.97,62.0675,60.605,60.89,264521
2023-08-02,60.6,61.7,60.04,60.87,422103
2023-08-03,60.95,61.95,57.275,58.89,1103193
2023-08-04,58.9,60.26,58.52,58.52,436623
2023-08-07,58.0,59.35,58.0,58.91,390214
2023-08-08,58.8,59.5,57.66,58.02,419464
2023-08-09,57.93,58.48,57.04,58.07,259490
2023-08-10,58.12,59.07,57.845,58.2,208580
2023-08-11,58.0,59.16,57.88,58.61,173781
2023-08-14,58.32,58.4,57.3,57.76,507236
2023-08-15,57.76,59.478,57.42,57.82,311934
2023-08-16,57.58,58.07,56.4,56.5,403291
2023-08-17,56.48,56.79,55.14,55.31,513394
2023-08-18,54.96,56.99,54.935,56.24,556419
2023-08-21,56.31,57.625,55.15,56.12,487518
2023-08-22,56.03,56.74,55.72,56.12,361252
2023-08-23,56.55,56.94,55.44,56.0,331722
2023-08-24,55.55,55.85,55.02,55.11,371832
2023-08-25,55.0,55.6,54.45,55.06,373995
2023-08-28,55.16,55.47,54.96,55.29,246223
2023-08-29,55.34,55.78,54.76,54.85,383424
2023-08-30,54.97,55.37,54.85,55.37,366651
2023-08-31,55.91,56.44,55.46,55.52,385770
2023-09-01,55.62,56.465,55.54,55.86,419545
2023-09-05,55.61,57.6,55.42,57.0,620069
2023-09-06,57.1,57.49,56.19,57.46,385363
2023-09-07,57.86,58.18,56.92,57.56,208580
2023-09-08,57.72,59.255,55.98,58.7,307843
2023-09-11,58.88,59.1,58.2,58.68,234552
2023-09-12,58.96,59.73,58.2,59.31,320628
2023-09-13,58.96,59.9,56.85,57.27,471336
2023-09-14,57.0,57.88,56.28,56.39,285470
2023-09-15,56.01,56.58,54.52,56.0,742785
2023-09-18,55.1,55.1,52.751,53.91,502133
2023-09-19,53.9,54.41,53.69,54.36,377931
2023-09-20,54.45,54.92,54.0,54.44,560244
2023-09-21,54.03,54.07,52.62,52.63,382427
2023-09-22,52.8,54.73,52.75,53.77,400013
2023-09-25,53.56,54.75,52.93,54.27,350607
2023-09-26,53.95,54.9,53.21,53.75,521060
2023-09-27,54.03,54.47,53.01,54.12,397560
2023-09-28,54.16,54.94,53.675,53.8,265723
2023-09-29,54.08,54.35,51.93,52.09,393577
2023-10-02,51.93,52.745,51.66,52.49,530383
2023-10-03,52.47,52.935,51.18,51.49,343770
2023-10-04,51.5,51.5,50.36,50.91,274273
2023-10-05,50.82,51.7,50.74,51.33,456700
2023-10-06,51.06,51.97,50.76,50.97,233193
2023-10-09,51.5,52.44,49.53,52.02,688936
2023-10-10,51.0,55.0,51.0,55.0,816835
2023-10-11,54.18,54.59,53.105,53.85,1121370
2023-10-12,53.26,53.26,50.94,52.5,1057446
2023-10-13,52.52,54.06,51.42,53.66,750090
2023-10-16,58.5,60.0,53.44,54.98,565412
2023-10-17,55.42,55.69,53.56,53.56,327924
2023-10-18,53.06,53.41,51.7375,52.19,430526
2023-10-19,52.07,52.07,49.67,49.74,475192
2023-10-20,49.75,50.37,49.61,50.06,421809
2023-10-23,49.95,50.11,48.865,49.12,262226
2023-10-24,49.48,50.03,49.09,49.95,261358
2023-10-25,49.62,49.62,47.67,48.4,653193
2023-10-26,48.43,48.88,47.99,48.04,469853
2023-10-27,47.65,49.61,46.89,48.59,2047410
2023-10-30,48.59,48.71,45.5,46.37,796012
2023-10-31,46.04,49.79,46.04,49.76,1039751
2023-11-01,49.76,50.92,49.3,50.87,808609
2023-11-02,52.77,54.27,50.87,52.38,1770714
2023-11-03,53.27,56.29,53.02,56.29,827101
2023-11-06,55.08,56.7638,54.59,56.01,681668
2023-11-07,55.64,56.57,54.5,56.24,562041
2023-11-08,56.6,56.6,54.66,55.14,418147
2023-11-09,55.28,55.35,53.17,53.52,393576
2023-11-10,53.8,54.22,52.9,53.46,536876
2023-11-13,53.35,55.0,52.88,55.0,286869
2023-11-14,56.0,56.95,55.5103,56.95,369087
2023-11-15,56.22,57.77,56.22,56.69,419036
2023-11-16,56.73,56.73,54.76,55.02,595209
2023-11-17,55.02,57.33,54.17,57.19,483135
2023-11-20,57.33,59.16,56.825,58.56,511922
2023-11-21,58.2,59.48,57.675,58.53,524573
2023-11-22,59.71,60.25,58.34,59.26,495982
2023-11-24,59.3,60.31,58.96,59.42,190498
2023-11-27,58.89,59.61,58.14,59.6,515109
2023-11-28,59.65,60.055,58.86,59.07,383037
2023-11-29,59.81,60.54,58.78,59.31,529191
2023-11-30,60.5,61.41,59.37,61.37,478197
2023-12-01,61.37,63.01,59.79,62.84,655795
2023-12-04,62.88,63.93,61.2,61.46,598424
2023-12-05,61.27,63.38,60.6,62.83,513626
2023-12-06,63.11,63.11,60.64,61.45,706065
2023-12-07,63.0,63.0,60.45,60.94,391029
2023-12-08,61.04,61.74,59.77,60.29,512815
2023-12-11,61.77,61.77,59.05,59.89,487036
2023-12-12,59.89,64.46,58.925,64.4,1179203
2023-12-13,64.53,66.63,63.69,66.34,888657
2023-12-14,66.68,67.99,64.61,65.32,701370
2023-12-15,65.81,66.7,64.64,65.0,928191
2023-12-18,65.0,65.82,64.01,65.26,321429
2023-12-19,65.92,67.27,65.4,65.52,508634
2023-12-20,65.59,66.45,64.05,65.28,652650
2023-12-21,65.31,66.86,65.31,66.69,420657
2023-12-22,68.0,71.78,67.41,70.35,958808
2023-12-26,71.83,71.83,69.89,71.28,444968
2023-12-27,71.9,73.9,71.3,73.65,480465
2023-12-28,73.65,74.165,71.455,71.99,561986
2023-12-29,71.74,72.18,70.81,71.62,439665
2024-01-02,70.75,72.33,69.434,70.65,597930
2024-01-03,71.29,71.63,69.03,70.0,691709
2024-01-04,69.62,69.97,68.79,69.04,427372
2024-01-05,68.31,70.77,67.7562,68.5,490751
2024-01-08,68.38,71.71,67.68,71.66,509721
2024-01-09,71.66,71.66,69.93,70.75,431488
2024-01-10,71.0,71.11,67.3,67.58,581823
2024-01-11,66.85,68.01,65.72,68.01,521276
2024-01-12,68.93,69.1364,65.87,66.36,543570
2024-01-16,66.12,67.93,65.52,67.47,688810
2024-01-17,66.65,67.21,65.36,65.95,418534
2024-01-18,66.27,66.27,64.745,65.14,486853
2024-01-19,65.39,65.84,64.38,65.45,1194746
2024-01-22,66.39,67.72,66.25,67.32,319332
2024-01-23,67.94,67.94,66.295,66.46,418389
2024-01-24,67.03,67.18,65.65,66.09,557817
2024-01-25,67.2,67.4,66.41,66.98,710912
2024-01-26,67.0,68.49,67.0,67.37,577632
2024-01-29,67.23,70.15,66.85,69.86,451228
2024-01-30,69.66,69.66,67.0,68.39,411645
2024-01-31,68.49,69.33,67.26,67.34,407195
2024-02-01,67.76,68.735,67.33,68.19,365466
2024-02-02,69.0,69.0,65.99,67.25,372733
2024-02-05,66.56,69.31,66.22,69.0,367011
2024-02-06,69.02,70.3,68.56,70.09,532338
2024-02-07,70.2,70.59,65.15,65.15,895352
2024-02-08,69.22,72.29,68.66,71.6,692154
2024-02-09,71.37,73.39,70.95,73.1,502258
2024-02-12,73.39,73.81,72.02,73.0,587026
2024-02-13,72.0,72.0,69.35,70.4,587636
2024-02-14,71.26,72.21,71.04,72.0,447417
2024-02-15,72.75,75.4,72.0,74.89,903733
2024-02-16,74.75,76.11,73.535,75.65,581920
2024-02-20,76.5,76.5,73.09,73.7,455775
2024-02-21,73.19,76.94,72.16,75.0,428793
2024-02-22,75.0,75.0,62.78,71.93,1427549
2024-02-23,71.44,71.44,68.125,70.16,655041
2024-02-26,68.25,71.61,67.53,71.56,662178
2024-02-27,72.38,73.44,71.65,72.9,428266
2024-02-28,72.65,72.9914,70.93,71.13,260155
2024-02-29,71.56,71.75,69.13,69.52,343406
2024-03-01,69.93,72.305,69.7552,71.49,533646
2024-03-04,71.83,71.94,67.16,67.23,622661
2024-03-05,67.5,67.53,65.12,67.0,626903
2024-03-06,67.4,67.96,65.96,66.56,331894
2024-03-07,66.43,67.155,65.69,66.72,374269
2024-03-08,67.4,69.075,66.84,67.48,401502
2024-03-11,67.32,67.59,64.495,65.48,426210
2024-03-12,65.66,65.66,63.8,63.8,385622
2024-03-13,64.26,65.74,64.04,65.21,362977
2024-03-14,65.24,66.0,63.3,66.0,397827
2024-03-15,64.56,65.09,63.92,64.78,854289
2024-03-18,64.97,65.98,64.75,65.37,330527
2024-03-19,64.51,66.67,63.87,66.0,342363
2024-03-20,65.5,68.0,64.95,68.0,721305
2024-03-21,67.78,69.27,67.3831,68.38,437741
2024-03-22,68.5,69.9,68.5,69.02,502365
2024-03-25,69.71,70.07,67.82,67.97,497355
2024-03-26,68.88,69.2699,67.13,67.33,173716
2024-03-27,67.69,69.75,67.2195,69.72,287719
2024-03-28,69.78,70.0,68.14,69.2,682262
2024-04-01,69.2,69.36,67.73,68.27,243081
2024-04-02,66.94,67.55,65.93,66.67,319718
2024-04-03,66.28,68.73,65.99,66.97,347758
2024-04-04,68.5,69.33,66.61,68.0,480020
2024-04-05,67.29,69.5,67.02,68.0,489100
2024-04-08,69.0,69.47,67.325,67.7,197179
2024-04-09,68.07,69.015,67.9,68.62,359571
2024-04-10,67.91,68.12,66.53,67.5,371022
2024-04-11,66.0,68.68,66.0,67.97,291922
2024-04-12,68.04,68.67,64.84,65.88,444505
2024-04-15,65.71,66.05,64.155,64.76,357064
2024-04-16,80.0,86.86,75.0,77.5,5775440
2024-04-17,79.0,83.25,75.0,75.0,1851867
2024-04-18,75.05,75.5,71.0,71.09,3361171
2024-04-19,71.94,74.56,70.93,72.37,1405606
2024-04-22,73.68,75.14,72.02,74.54,1463326
2024-04-23,75.06,76.89,73.6884,74.01,599663
2024-04-24,75.49,75.49,72.41,73.12,513173
2024-04-25,72.46,72.78,71.35,72.13,445197
2024-04-26,72.27,73.52,71.66,73.26,399381
2024-04-29,73.58,73.821,71.9712,72.3,363955
2024-04-30,72.45,72.825,71.38,71.81,552763
2024-05-01,71.61,73.68,71.61,72.73,489862
2024-05-02,73.77,73.77,69.98,70.34,890357
2024-05-03,71.07,71.35,68.48,69.8,581976
2024-05-06,68.88,71.05,68.26,71.0,454779
2024-05-07,71.3,71.635,68.61,71.21,792705
2024-05-08,71.12,71.22,66.95,67.0,665496
2024-05-09,66.97,67.23,65.45,65.56,456453
2024-05-10,65.75,66.71,64.92,64.96,458721
2024-05-13,65.16,67.22,65.16,66.32,470418
2024-05-14,66.76,67.27,65.17,65.71,439757
2024-05-15,66.62,68.16,66.51,66.84,458146
2024-05-16,66.84,67.095,65.51,66.53,483750
2024-05-17,66.99,66.99,64.92,65.0,495711
2024-05-20,66.0,66.0,64.09,65.32,761033
2024-05-21,66.0,67.99,64.89,67.0,658331
2024-05-22,66.88,69.12,66.86,67.3,514000
2024-05-23,68.35,70.0,65.82,66.37,635653
2024-05-24,66.48,66.48,64.88,65.54,410823
2024-05-28,67.0,67.0,65.2,65.62,392975
2024-05-29,65.06,67.09,64.72,66.54,485646
2024-05-30,66.66,67.4,65.15,65.65,391245
2024-05-31,66.02,67.7,65.81,67.24,763289
2024-06-03,67.34,70.08,67.3,68.41,518308
2024-06-04,68.32,68.6072,67.06,67.88,356610
2024-06-05,68.23,68.23,66.75,67.81,291665
2024-06-06,67.7,70.0,67.04,70.0,308274
2024-06-07,68.13,68.75,67.37,68.41,263209
2024-06-10,68.16,69.48,67.05,69.07,260404
2024-06-11,68.25,69.64,66.885,69.13,203363
2024-06-12,70.45,70.49,67.97,68.2,599905
2024-06-13,69.5,69.5,67.165,68.41,376183
2024-06-14,67.66,69.28,66.574,67.77,426661
2024-06-17,67.91,70.07,67.91,68.87,504910
2024-06-18,69.61,78.53,69.61,74.68,3759378
2024-06-20,75.23,76.72,74.06,75.55,981483
2024-06-21,75.77,77.94,75.6,76.58,1273958
2024-06-24,76.58,77.24,75.28,75.57,540193
2024-06-25,73.766,76.192,71.95,72.42,837273
2024-06-26,71.81,72.36,70.52,71.09,1002904
2024-06-27,71.76,72.035,70.67,70.98,886227
2024-06-28,71.1,71.77,67.69,68.49,10481889
2024-07-01,68.6,71.855,66.26,67.99,1319850
2024-07-02,68.5,69.37,68.0,68.54,1082511
2024-07-03,68.06,69.13,67.68,69.07,468392
2024-07-05,69.0,69.72,68.16,69.56,337826
2024-07-08,69.62,71.72,68.98,71.56,601664
2024-07-09,71.68,74.36,71.25,74.07,757634
2024-07-10,72.32,77.56,72.32,76.69,1165122
2024-07-11,77.29,79.95,77.21,79.95,797230
2024-07-12,78.31,79.03,77.48,78.13,703626
2024-07-15,78.1,79.03,77.57,78.69,389965
2024-07-16,78.77,79.88,78.1,78.57,434207
2024-07-17,78.57,78.62,75.94,76.51,579446
2024-07-18,77.03,77.8,74.45,74.94,544040
2024-07-19,75.24,76.1,73.03,73.03,501298
2024-07-22,75.42,76.55,74.62,76.48,373288
2024-07-23,76.48,79.38,75.585,78.2,822208
2024-07-24,77.88,78.29,77.045,77.27,284295
2024-07-25,77.11,81.93,77.11,81.93,1207261
2024-07-26,81.16,82.0,79.43,80.39,442806
2024-07-29,80.44,80.44,77.15,78.19,552727
2024-07-30,78.19,79.01,76.7093,78.1,417355
2024-07-31,78.95,79.6677,78.02,78.72,464752
2024-08-01,82.65,82.65,77.83,79.0,295761
2024-08-02,77.33,78.31,76.29,77.3,251420
2024-08-05,72.42,78.115,72.29,77.8,891248
2024-08-06,77.45,79.22,76.93,78.98,713770
2024-08-07,78.34,79.5,72.85,73.63,1483537
2024-08-08,73.68,74.5,72.11,74.5,724396
2024-08-09,74.86,75.385,73.0,73.61,314499
2024-08-12,73.68,74.97,73.35,74.9,301935
2024-08-13,75.02,77.1399,74.44,75.33,286711
2024-08-14,75.7,76.045,74.02,75.62,333947
2024-08-15,76.45,77.22,74.89,75.27,381596
2024-08-16,75.0,75.38,74.22,74.95,336368
2024-08-19,74.83,75.75,74.19,75.73,280453
2024-08-20,75.93,77.32,75.36,76.99,252859
2024-08-21,77.14,78.14,74.9,75.58,472045
2024-08-22,75.64,75.75,74.27,74.36,251257
2024-08-23,74.54,74.805,74.0,74.48,171245
2024-08-26,74.46,75.15,74.35,74.49,132343
2024-08-27,74.18,74.52,72.88,73.88,254188
2024-08-28,73.7,73.74,72.42,72.77,260277
2024-08-29,72.9,73.47,72.02,72.8,257017
2024-08-30,72.27,73.48,72.205,73.28,458539
2024-09-03,72.64,74.73,72.605,73.0,308125
2024-09-04,72.61,73.09,71.75,72.66,269253
2024-09-05,73.13,73.23,68.8,73.23,190529
2024-09-06,73.5,76.12,73.02,74.25,589426
2024-09-09,73.74,76.34,73.71,74.41,472106
2024-09-10,74.42,75.16,73.22,73.56,722553
2024-09-11,73.56,74.92,73.05,74.72,164078
2024-09-12,74.55,75.85,74.1,75.22,260228
2024-09-13,75.55,76.98,74.95,76.0,303260
2024-09-16,75.75,76.6,75.21,75.26,284231
2024-09-17,75.27,76.56,73.79,73.8,284917
2024-09-18,74.95,75.72,74.46,74.7,307491
2024-09-19,75.3,77.18,74.615,76.97,394472
2024-09-20,77.24,78.15,76.8,77.61,671212
2024-09-23,77.82,78.21,74.77,75.81,299888
2024-09-24,76.22,76.22,74.05,75.52,448153
2024-09-25,75.81,75.97,73.73,74.37,256869
2024-09-26,74.58,74.915,73.05,73.21,194658
2024-09-27,73.13,74.62,72.54,73.28,206057
2024-09-30,72.55,73.91,72.55,73.17,246585
2024-10-01,73.63,73.63,71.89,73.0,257956
2024-10-02,72.3,73.34,71.82,72.62,221446
2024-10-03,72.53,73.31,72.21,72.25,383307
2024-10-04,72.71,72.97,71.48,71.48,166107
2024-10-07,72.9,73.175,70.9,71.19,329896
2024-10-08,71.43,72.71,71.2,72.39,409052
2024-10-09,72.68,74.32,72.315,73.24,318340
2024-10-10,74.5,74.5,71.95,73.61,253056
2024-10-11,73.76,76.185,73.55,75.76,422313
2024-10-14,76.02,76.135,73.76,73.84,387411
2024-10-15,73.68,75.115,73.68,74.8,627521
2024-10-16,74.4,76.55,74.4,76.09,265077
2024-10-17,76.46,78.835,76.42,78.68,301845
2024-10-18,77.19,79.455,77.19,78.34,351948
2024-10-21,77.94,78.47,76.56,76.91,358306
2024-10-22,76.52,78.03,76.17,77.09,250496
2024-10-23,77.09,77.09,74.76,75.5,185266
2024-10-24,75.6,76.035,74.8,75.64,170187
2024-10-25,75.6,76.87,75.25,75.81,268477
2024-10-28,75.93,77.05,75.575,76.82,441912
2024-10-29,75.7,78.02,75.57,77.5,451514
2024-10-30,76.75,88.0,76.75,85.45,1945997
2024-10-31,85.01,86.88,84.57,84.75,736654
2024-11-01,83.52,86.98,83.52,86.8,603755
2024-11-04,86.41,87.31,86.02,86.17,504081
2024-11-05,88.0,89.44,85.08,89.24,323746
2024-11-06,89.86,90.25,87.48,89.44,515941
2024-11-07,89.86,91.68,89.41,90.51,402066
2024-11-08,90.34,91.4,89.28,91.29,393214
2024-11-11,90.0,93.45,85.0,91.57,622259
2024-11-12,91.0,91.52,88.18,88.49,580418
2024-11-13,86.8,89.62,86.8,88.22,686149
2024-11-14,88.0,89.33,87.4,87.63,449758
2024-11-15,86.77,87.12,83.21,83.42,455457
2024-11-18,82.7,83.605,81.83,82.47,393782
2024-11-19,82.64,83.49,81.9,83.35,535140
2024-11-20,84.01,86.36,82.77,85.64,281709
2024-11-21,85.7,89.17,84.01,86.0,253858
2024-11-22,85.88,86.1,84.74,85.69,287752
2024-11-25,86.27,86.86,84.89,84.99,306623
2024-11-26,84.15,86.6,84.15,86.43,182241
2024-11-27,86.35,86.78,85.02,86.59,304760
2024-11-29,85.32,86.59,84.63,85.65,169076
2024-12-02,85.53,86.99,85.39,86.03,340969
2024-12-03,86.01,86.76,84.47,85.31,196696
2024-12-04,85.0,86.32,84.24,84.24,229507
2024-12-05,87.5,87.5,83.52,84.09,247042
2024-12-06,83.09,84.71,83.09,84.55,163470
2024-12-09,84.15,85.44,82.84,84.96,265577
2024-12-10,86.5,86.5,82.885,83.11,187448
2024-12-11,85.0,85.0,81.37,83.88,300230
2024-12-12,83.9,84.31,82.61,83.4,246732
2024-12-13,85.5,85.5,82.14,83.03,236828
2024-12-16,84.8,85.5,82.19,85.11,281203
2024-12-17,84.94,87.07,84.15,86.96,327984
2024-12-18,88.0,89.119,86.09,86.72,704583
2024-12-19,89.0,89.0,83.42,84.8307,445809
2024-12-20,84.54,85.03,82.76,84.32,716291
2024-12-23,81.5,85.89,81.5,84.0,205470
2024-12-24,82.9,85.78,82.9,85.24,126177
2024-12-26,87.29,87.29,83.51,86.0,181795
2024-12-27,85.62,86.255,84.14,84.85,358521
2024-12-30,84.21,84.86,82.32,83.48,247973
2024-12-31,83.67,84.7,83.05,84.48,240455
2025-01-02,81.4,85.7,81.4,84.24,320327
2025-01-03,82.0,84.7,75.0,83.72,231800
2025-01-06,81.28,83.755,81.27,81.78,475863
2025-01-07,81.85,84.19,80.825,83.23,517780
2025-01-08,81.0,83.18,77.0,82.56,259397
2025-01-10,81.0,98.395,79.5,94.87,3298045
2025-01-13,106.0,131.98,106.0,127.13,31951180
2025-01-14,127.2,127.45,126.7147,126.73,15036840
2025-01-15,126.54,127.24,126.0,126.65,6989036
2025-01-16,126.25,127.56,126.25,126.51,6420584
2025-01-17,126.97,127.45,126.075,126.075,5341849
2025-01-21,126.5,126.93,126.43,126.5,5448930
2025-01-22,126.1,127.6,126.1,127.56,5675347
2025-01-23,126.06,127.95,126.06,127.14,3949872
2025-01-24,127.2,127.61,127.185,127.5,3670340
2025-01-27,127.03,127.465,126.86,126.86,2400640
2025-01-28,127.21,127.245,126.1703,126.1703,1732271
2025-01-29,127.27,127.38,126.94,127.02,2014206
2025-01-30,126.91,127.24,126.91,126.99,1911803
2025-01-31,127.27,127.27,127.01,127.08,1195255
2025-02-03,126.25,127.32,126.24,127.2,1424404
2025-02-04,127.24,127.36,126.88,127.1,2748686
2025-02-05,127.21,127.45,126.5,126.95,1853807
2025-02-06,127.11,127.3,127.01,127.12,1602213
2025-02-07,127.24,127.26,126.97,127.01,1167396
2025-02-10,127.11,127.3,127.05,127.2,1455003
2025-02-11,127.22,127.97,127.055,127.1,1277792
2025-02-12,127.56,127.99,127.31,127.4,828824
2025-02-13,127.91,128.15,127.72,128.0,862320
2025-02-14,128.39,128.39,127.8,128.13,1201178
2025-02-18,128.05,128.13,127.58,127.58,1171482
2025-02-19,127.86,128.75,126.98,128.16,1954333
2025-02-20,128.68,129.16,128.47,128.96,1170261
2025-02-21,128.77,128.77,128.52,128.6,931942
2025-02-24,128.61,128.97,128.53,128.97,1273822
2025-02-25,128.61,129.38,128.31,129.38,1221247
2025-02-26,129.38,129.38,128.04,129.19,1366881
2025-02-27,128.59,128.95,128.2,128.95,1092082
2025-02-28,129.1,129.1,128.06,128.2,1188533
