Date,Open,High,Low,Close,Volume
2021-10-22,50.0,52.0,40.5,40.75,4657
2021-10-25,40.0,40.0,37.74,37.85,16937
2021-10-26,37.86,37.86,35.49,35.5,10067
2021-10-27,35.5,35.5,33.0,33.0,15714
2021-10-28,33.8827,33.8827,32.0,32.0,10300
2021-10-29,32.1,32.1,31.125,31.5,17500
2021-11-01,34.49,34.49,33.2,33.5,3400
2021-11-02,35.0,35.0,30.565,31.25,314596
2021-11-03,31.5,32.0,28.01,28.5,1908283
2021-11-04,27.26,28.5,25.21,26.2,29998169
2021-11-05,26.37,26.49,23.85,24.39,9486896
2021-11-08,24.72,24.75,23.62,23.75,4098748
2021-11-09,24.1,24.15,19.8,20.88,12979580
2021-11-10,21.0,22.35,19.25,21.36,9855349
2021-11-11,22.0,22.67,20.87,21.3,5716388
2021-11-12,21.5,22.31,20.27,20.75,4013558
2021-11-15,21.34,21.34,19.81,20.35,3253441
2021-11-16,20.4,20.4,19.52,19.75,3536399
2021-11-17,19.61,19.9,18.66,18.67,3311380
2021-11-18,18.6,18.82,17.7,17.71,3381061
2021-11-19,17.85,18.54,17.59,18.36,3316559
2021-11-22,18.3,18.73,17.25,18.6699,3197321
2021-11-23,19.89,19.89,17.0,17.2999,3683578
2021-11-24,17.3,17.42,16.77,16.95,2458033
2021-11-26,16.7,16.88,16.32,16.32,2003773
2021-11-29,16.5,17.37,16.3,16.35,4734262
2021-11-30,16.26,16.51,15.45,16.06,4788358
2021-12-01,16.44,16.75,15.64,16.1799,5120805
2021-12-02,16.5,17.4,15.71,17.01,2869040
2021-12-03,17.3,18.68,16.98,18.5,3572114
2021-12-06,18.33,19.59,17.95,19.22,3248718
2021-12-07,19.44,20.1799,18.73,19.13,3335471
2021-12-08,19.2,19.53,18.24,18.25,3624560
2021-12-09,18.3799,18.8,17.945,18.2,1667798
2021-12-10,18.11,18.785,18.0,18.17,1632718
2021-12-13,18.22,18.39,17.37,18.16,1754099
2021-12-14,18.05,18.43,17.6,17.72,1376831
2021-12-15,17.8,17.97,17.2,17.78,1325783
2021-12-16,17.95,18.8,17.58,18.31,1749292
2021-12-17,18.3,18.55,17.72,18.28,5903966
2021-12-20,18.29,18.3,17.0,17.2,1790612
2021-12-21,17.35,18.04,17.1,18.02,2363283
2021-12-22,18.1,18.88,17.66,18.82,1584521
2021-12-23,18.88,19.3632,18.26,19.11,1481253
2021-12-27,19.03,19.39,18.56,18.8,1051148
2021-12-28,18.7,18.97,18.0752,18.31,1285177
2021-12-29,18.21,18.44,17.74,18.19,1563305
2021-12-30,18.05,18.75,17.77,18.38,1330622
2021-12-31,18.25,18.7088,18.01,18.1,1001785
2022-01-03,18.2499,19.63,18.18,19.31,2080938
2022-01-04,19.4,19.5,18.5478,18.88,1485476
2022-01-05,18.98,18.98,17.55,17.75,2324492
2022-01-06,17.75,18.12,17.56,17.86,1790205
2022-01-07,17.84,18.17,17.6,17.79,1364566
2022-01-10,17.6505,17.7799,16.66,17.74,2167543
2022-01-11,17.57,18.18,17.4,17.86,1151072
2022-01-12,17.95,18.34,17.58,17.97,1105168
2022-01-13,18.0,18.53,17.9,18.07,1541105
2022-01-14,18.06,18.22,17.51,18.14,844451
2022-01-18,17.7,18.18,17.31,17.35,1635512
2022-01-19,17.51,17.56,16.86,16.86,1831303
2022-01-20,16.96,17.72,16.87,16.99,1795408
2022-01-21,16.8001,17.2123,16.5,16.52,1483212
2022-01-24,16.65,16.66,15.44,16.5,1951989
2022-01-25,16.35,16.67,15.49,16.27,2042154
2022-01-26,16.9,16.9,15.73,15.87,1773124
2022-01-27,16.17,16.3,15.5501,15.7,1815037
2022-01-28,15.85,16.02,15.23,15.9999,1685411
2022-01-31,16.5,16.9,15.99,16.88,2420947
2022-02-01,16.79,17.08,16.5,16.5,1138578
2022-02-02,16.75,17.0,16.17,16.31,1479723
2022-02-03,16.34,16.58,15.74,15.77,1560747
2022-02-04,15.89,16.39,15.58,16.22,1128455
2022-02-07,16.4199,16.4199,15.63,15.66,1669975
2022-02-08,15.67,16.06,15.54,16.05,1493856
2022-02-09,16.2,16.57,16.09,16.5,1293735
2022-02-10,16.3376,16.63,15.8018,15.87,962090
2022-02-11,15.9,16.09,15.23,15.42,1351216
2022-02-14,15.49,15.89,15.25,15.5,1373020
2022-02-15,16.0,16.25,15.76,16.22,1350540
2022-02-16,16.06,16.08,15.6,15.68,918319
2022-02-17,15.82,15.82,15.18,15.18,1240468
2022-02-18,15.39,15.825,15.1,15.64,1490258
2022-02-22,15.4,16.03,14.93,14.96,1898911
2022-02-23,15.2,15.25,14.62,14.73,1754230
2022-02-24,14.5,15.635,14.21,15.57,1900740
2022-02-25,15.49,15.99,15.294,15.82,1342239
2022-02-28,15.82,16.05,15.4,15.5,1660741
2022-03-01,15.0485,16.17,13.22,13.75,4885222
2022-03-02,13.74,13.79,12.68,12.99,3794112
2022-03-03,13.09,13.09,12.25,12.66,3927589
2022-03-04,12.3,12.6684,11.6601,11.74,2642534
2022-03-07,12.57,12.57,11.255,11.39,2985714
2022-03-08,11.6499,11.79,10.92,11.2901,1814764
2022-03-09,11.5,12.06,11.29,11.81,1319898
2022-03-10,11.63,11.88,11.3,11.85,1125084
2022-03-11,11.89,11.99,11.5,11.53,1308819
2022-03-14,11.5,11.54,11.0,11.28,1568514
2022-03-15,11.25,11.5203,11.09,11.11,1479846
2022-03-16,11.48,12.38,11.475,12.36,2064242
2022-03-17,12.36,12.67,12.0122,12.64,1282562
2022-03-18,12.64,13.0751,12.51,13.06,5670606
2022-03-21,13.0,13.26,12.81,12.9,1134180
2022-03-22,12.89,13.485,12.89,13.29,1284512
2022-03-23,13.28,13.28,12.8,12.98,1189649
2022-03-24,13.15,13.15,12.6415,13.0,970239
2022-03-25,13.02,13.02,12.48,12.84,977100
2022-03-28,12.9425,13.08,12.61,13.08,869451
2022-03-29,13.06,13.55,12.86,13.28,1309411
2022-03-30,13.16,13.37,13.0,13.0,700900
2022-03-31,13.25,13.4788,13.02,13.02,1118150
2022-04-01,13.13,13.44,12.88,13.26,1151084
2022-04-04,13.31,13.65,13.3,13.6,939362
2022-04-05,13.45,13.55,12.94,12.96,1755479
2022-04-06,12.97,12.97,12.3,12.63,1553179
2022-04-07,12.63,12.66,11.9,12.01,1580020
2022-04-08,12.46,12.46,11.8501,12.0,979083
2022-04-11,12.08,12.17,11.72,11.8,935137
2022-04-12,12.26,12.3877,11.95,12.11,1305460
2022-04-13,12.06,12.79,11.86,12.74,1259414
2022-04-14,12.51,12.86,12.38,12.74,1225987
2022-04-18,12.47,12.61,12.22,12.25,847258
2022-04-19,12.35,12.65,12.2089,12.53,998597
2022-04-20,12.58,12.85,12.4,12.52,1059328
2022-04-21,12.65,12.84,12.195,12.22,992091
2022-04-22,12.19,12.4734,11.67,11.85,1085060
2022-04-25,11.51,12.29,11.42,12.28,1020057
2022-04-26,12.1,12.18,11.31,11.37,1392785
2022-04-27,11.58,12.0999,11.5,12.0999,1443250
2022-04-28,12.1,12.44,11.7079,11.7079,1328060
2022-04-29,12.13,12.5,11.86,11.9,1295308
2022-05-02,11.9001,11.94,11.29,11.53,1482862
2022-05-03,11.45,11.83,11.31,11.39,1221362
2022-05-04,11.31,11.8,10.68,11.66,2540006
2022-05-05,11.45,13.12,11.37,13.08,4482850
2022-05-06,13.2,14.48,12.7602,13.75,5773536
2022-05-09,13.5,13.77,12.705,12.77,3244716
2022-05-10,12.9,13.05,10.8,11.06,3069772
2022-05-11,11.32,11.32,10.13,10.18,3062348
2022-05-12,10.17,10.85,9.93,10.6099,2353064
2022-05-13,10.87,11.49,10.61,11.37,1554876
2022-05-16,11.44,12.37,11.44,12.18,2338728
2022-05-17,12.11,13.33,12.11,13.33,1927041
2022-05-18,13.33,13.86,12.85,13.1,1747420
2022-05-19,13.16,14.13,13.14,14.12,2191267
2022-05-20,14.2,14.35,13.155,13.82,1918987
2022-05-23,13.82,13.88,12.6,12.6,1507462
2022-05-24,13.0,13.075,11.9,12.3344,2573646
2022-05-25,12.34,12.58,12.03,12.45,1616233
2022-05-26,12.4,12.81,12.195,12.38,1610654
2022-05-27,12.4,12.86,12.4,12.63,1327843
2022-05-31,12.6701,12.855,12.24,12.3,2025755
2022-06-01,12.36,12.7,12.17,12.21,1363365
2022-06-02,12.28,12.9593,12.07,12.92,2107732
2022-06-03,12.8,12.8,11.4,11.5001,4168756
2022-06-06,11.7,11.85,10.7801,11.19,2688970
2022-06-07,11.05,11.16,10.495,11.05,2418388
2022-06-08,10.95,11.37,10.63,10.75,3020663
2022-06-09,10.8,10.8,10.06,10.06,2449219
2022-06-10,10.1,10.1,9.67,9.85,2555573
2022-06-13,9.54,9.8,9.11,9.46,4610721
2022-06-14,9.54,9.95,9.31,9.72,4447768
2022-06-15,9.72,10.49,9.72,10.3,3833518
2022-06-16,9.96,10.13,9.43,9.5,3528362
2022-06-17,9.59,9.59,9.101,9.37,5185648
2022-06-21,9.45,9.7,9.17,9.2,3648475
2022-06-22,9.1,9.67,9.1,9.25,2823266
2022-06-23,9.49,9.64,9.23,9.61,2057354
2022-06-24,9.67,10.27,9.6,10.25,6255438
2022-06-27,10.07,10.13,9.76,9.78,2657449
2022-06-28,9.83,10.365,9.805,9.96,3106966
2022-06-29,9.97,10.11,9.66,9.93,2284670
2022-06-30,9.74,10.02,9.36,9.8,2640390
2022-07-01,9.7,10.075,9.64,10.04,2187249
2022-07-05,9.89,10.52,9.72,10.51,2144337
2022-07-06,10.45,10.63,10.02,10.03,1533972
2022-07-07,10.06,10.365,10.06,10.34,1180128
2022-07-08,10.34,10.475,10.02,10.26,1606820
2022-07-11,10.2588,10.2588,9.65,9.67,1369427
2022-07-12,9.7,9.92,9.63,9.8,1127488
2022-07-13,9.75,9.89,9.305,9.75,1547383
2022-07-14,9.6,9.6,9.21,9.5,1288391
2022-07-15,9.51,9.62,9.155,9.36,1539083
2022-07-18,9.5,9.86,9.425,9.64,1769866
2022-07-19,9.74,10.56,9.74,10.45,2057245
2022-07-20,10.52,10.8,10.31,10.35,1692609
2022-07-21,10.5,10.67,10.385,10.65,2052613
2022-07-22,10.45,10.5,10.01,10.42,1751652
2022-07-25,10.47,10.69,10.385,10.47,2092754
2022-07-26,10.32,10.4,10.05,10.11,1547692
2022-07-27,10.1,10.35,9.855,10.2,1263408
2022-07-28,10.15,10.595,10.025,10.39,1270348
2022-07-29,10.6127,10.6127,10.201,10.47,1393315
2022-08-01,10.47,10.93,10.3,10.89,1327260
2022-08-02,10.68,10.68,10.1,10.24,2423898
2022-08-03,10.17,10.9,9.99,10.41,2711774
2022-08-04,10.44,11.3,10.215,10.63,2407424
2022-08-05,10.6,11.0,10.36,10.9,1533172
2022-08-08,11.08,12.09,10.28,11.05,5698138
2022-08-09,11.31,11.31,10.35,10.89,10334711
2022-08-10,11.1986,11.598,10.69,11.51,4095499
2022-08-11,11.4,11.82,11.21,11.3,3119990
2022-08-12,11.36,11.38,10.9,11.27,2020059
2022-08-15,11.3,11.3,10.98,11.12,2079509
2022-08-16,11.11,11.6289,10.94,11.38,2330839
2022-08-17,11.36,11.36,10.91,11.23,3083479
2022-08-18,11.16,11.75,10.93,11.55,2391617
2022-08-19,11.42,11.48,11.1,11.19,2357756
2022-08-22,10.88,11.2,10.775,10.91,1848755
2022-08-23,10.92,11.0,10.61,10.7,1357773
2022-08-24,11.1854,11.1854,10.68,10.88,1154310
2022-08-25,10.94,11.24,10.71,11.22,1441524
2022-08-26,11.16,11.25,10.74,10.95,1491450
2022-08-29,10.73,11.08,10.69,10.8,1077410
2022-08-30,10.8,11.06,10.54,10.61,1323544
2022-08-31,10.72,10.73,10.18,10.21,2773374
2022-09-01,10.29,10.695,9.989,10.36,3443411
2022-09-02,10.65,10.93,10.5,10.52,1642151
2022-09-06,10.7,10.92,10.58,10.6,1563756
2022-09-07,10.52,10.725,10.35,10.51,1467668
2022-09-08,10.55,10.55,10.21,10.43,1868393
2022-09-09,10.57,11.075,10.52,10.99,1904899
2022-09-12,11.07,11.42,11.0,11.3,2008029
2022-09-13,11.36,11.36,10.765,10.87,1335668
2022-09-14,10.81,10.89,10.635,10.64,2304081
2022-09-15,10.69,11.075,10.37,10.5,1778182
2022-09-16,10.48,10.53,10.145,10.338,6800830
2022-09-19,10.2,10.295,10.05,10.23,1647700
2022-09-20,10.17,10.32,10.005,10.15,2621034
2022-09-21,10.27,10.81,10.24,10.37,2561286
2022-09-22,10.4,10.4455,9.95,9.95,3927964
2022-09-23,9.85,9.89,9.17,9.32,3474466
2022-09-26,9.44,9.55,8.945,8.97,2184784
2022-09-27,9.06,9.27,8.64,8.72,2482083
2022-09-28,8.51,9.0865,8.51,8.88,2145489
2022-09-29,8.87,8.87,8.17,8.52,2809422
2022-09-30,8.84,8.84,8.25,8.27,2455800
2022-10-03,8.31,8.46,8.11,8.27,2163719
2022-10-04,8.41,9.06,8.4,9.03,2225137
2022-10-05,9.03,9.12,8.695,9.08,1894424
2022-10-06,9.13,9.17,8.715,8.97,1753947
2022-10-07,9.17,9.17,8.45,8.49,1598890
2022-10-10,8.4501,8.575,8.33,8.42,1568336
2022-10-11,8.38,8.49,8.0,8.32,2143784
2022-10-12,8.3,8.405,8.055,8.35,2636852
2022-10-13,8.38,8.69,7.93,8.65,1601140
2022-10-14,8.88,8.88,8.16,8.23,2642853
2022-10-17,8.46,8.735,8.425,8.69,2977245
2022-10-18,8.83,9.13,8.8,9.13,1850998
2022-10-19,9.09,9.09,8.69,8.85,1823211
2022-10-20,8.88,9.17,8.83,9.05,1850683
2022-10-21,9.0,9.5,8.79,9.5,1647621
2022-10-24,9.49,9.67,9.1525,9.31,3637521
2022-10-25,9.32,9.74,9.31,9.38,1973611
2022-10-26,9.58,9.96,9.5,9.78,1517368
2022-10-27,9.85,10.025,9.59,9.62,1312794
2022-10-28,9.51,9.83,9.51,9.76,1134103
2022-10-31,9.66,9.79,9.57,9.67,1504188
2022-11-01,9.81,9.995,9.715,9.95,1769198
2022-11-02,9.81,10.03,9.1,9.45,1551383
2022-11-03,9.65,9.65,8.04,8.45,7864084
2022-11-04,8.52,8.72,8.02,8.29,2561383
2022-11-07,8.29,9.17,8.29,8.92,2675254
2022-11-08,9.18,9.93,9.03,9.43,2768063
2022-11-09,9.3,9.6,8.79,9.57,1666066
2022-11-10,9.3,10.315,9.11,10.23,2799486
2022-11-11,10.37,10.94,10.248,10.9399,2731310
2022-11-14,10.74,10.94,10.44,10.63,2016690
2022-11-15,10.6,11.17,10.37,10.65,1324402
2022-11-16,10.3202,10.63,10.32,10.45,1516498
2022-11-17,10.29,10.3,10.0,10.28,1097025
2022-11-18,10.38,10.51,10.11,10.17,1330933
2022-11-21,10.06,10.17,9.815,10.14,1201248
2022-11-22,10.16,10.57,10.02,10.56,3702866
2022-11-23,10.56,11.07,10.56,11.02,1454284
2022-11-25,11.03,11.225,10.935,11.1,1517292
2022-11-28,11.0,11.11,10.5437,10.69,2131427
2022-11-29,10.75,11.21,10.7,10.82,1365243
2022-11-30,11.0,11.72,10.905,11.7,2239731
2022-12-01,11.69,11.99,11.64,11.72,1062576
2022-12-02,11.65,11.77,11.33,11.73,742136
2022-12-05,11.75,11.75,11.18,11.22,1931850
2022-12-06,11.14,11.28,10.745,10.95,1076125
2022-12-07,10.85,10.98,10.59,10.6,1158005
2022-12-08,10.67,10.945,10.535,10.73,992224
2022-12-09,10.77,10.83,10.53,10.54,1044295
2022-12-12,10.51,10.97,10.5,10.89,1352953
2022-12-13,11.07,11.71,11.07,11.37,2293010
2022-12-14,11.3,11.565,10.91,11.11,1504232
2022-12-15,11.09,11.55,10.88,11.22,1473736
2022-12-16,11.23,11.23,10.53,10.8,2588019
2022-12-19,10.8,10.8,10.52,10.68,1203094
2022-12-20,10.6,10.84,10.53,10.8,890932
2022-12-21,10.84,11.5,10.84,11.2,1617189
2022-12-22,11.31,11.36,10.925,11.36,1301441
2022-12-23,11.37,11.42,10.54,10.54,1039471
2022-12-27,10.95,11.03,10.68,10.78,1087543
2022-12-28,10.74,11.075,10.55,10.64,1138746
2022-12-29,10.6,11.21,10.49,11.16,1860326
2022-12-30,10.97,11.29,10.9,11.29,1952017
2023-01-03,11.26,11.665,11.06,11.06,2177039
2023-01-04,11.68,12.16,11.645,11.88,1420949
2023-01-05,11.88,12.165,11.69,12.14,948724
2023-01-06,12.14,12.7,12.045,12.62,889344
2023-01-09,12.67,12.885,12.48,12.6,2130001
2023-01-10,12.54,12.63,12.25,12.46,1040023
2023-01-11,12.48,12.66,12.29,12.4,1138544
2023-01-12,12.39,12.58,12.34,12.53,978143
2023-01-13,12.35,12.59,12.29,12.57,776321
2023-01-17,12.57,12.8,12.44,12.51,760401
2023-01-18,12.61,12.77,12.05,12.05,1220904
2023-01-19,11.98,12.26,11.82,12.04,668724
2023-01-20,12.12,12.34,12.04,12.3,630827
2023-01-23,12.27,13.0,12.27,12.81,1155897
2023-01-24,12.64,12.925,12.55,12.8,824429
2023-01-25,12.59,12.92,12.43,12.86,831296
2023-01-26,13.0,13.13,12.635,13.02,1282660
2023-01-27,12.97,13.21,12.79,13.09,849123
2023-01-30,13.07,13.1537,12.71,13.07,784588
2023-01-31,13.19,13.43,13.05,13.25,1393995
2023-02-01,13.37,13.695,13.2,13.5,1618879
2023-02-02,13.73,14.26,13.73,14.07,1395220
2023-02-03,14.0,14.0,13.41,13.59,1533970
2023-02-06,13.6,13.62,13.12,13.44,827158
2023-02-07,13.07,14.84,13.03,14.4,1344301
2023-02-08,14.39,16.5,14.16,16.5,4541823
2023-02-09,16.62,16.69,15.395,15.56,2922535
2023-02-10,15.4,16.47,15.4,16.3,2227862
2023-02-13,16.31,16.92,16.29,16.35,2055365
2023-02-14,16.48,17.125,16.26,16.81,1965800
2023-02-15,16.79,17.21,16.4,17.11,1208018
2023-02-16,17.1,17.1558,16.41,16.6,1395703
2023-02-17,16.38,16.56,16.0742,16.46,1479640
2023-02-21,16.2,16.36,15.97,16.21,2306607
2023-02-22,16.11,16.29,15.91,15.97,1024732
2023-02-23,16.0,16.21,15.674,15.91,790499
2023-02-24,15.51,15.62,15.32,15.45,1073857
2023-02-27,15.5,15.99,15.48,15.69,697562
2023-02-28,15.6,15.865,15.59,15.69,1503133
2023-03-01,15.77,15.975,15.58,15.65,1471866
2023-03-02,15.6,15.81,15.35,15.37,838842
2023-03-03,15.94,16.05,15.625,15.75,791889
2023-03-06,15.8,15.999,15.5,15.5,1022426
2023-03-07,15.03,15.675,15.03,15.22,1102938
2023-03-08,15.19,15.64,15.17,15.34,1305880
2023-03-09,15.36,15.6,15.03,15.03,1258240
2023-03-10,15.2,15.54,14.38,14.6,1208135
2023-03-13,14.55,14.7,14.225,14.25,1118400
2023-03-14,14.69,14.96,14.225,14.42,1017917
2023-03-15,14.18,14.35,13.265,13.62,2291719
2023-03-16,13.6,13.97,13.26,13.9,2228927
2023-03-17,13.9,13.9,13.35,13.65,2423773
2023-03-20,13.65,13.78,13.405,13.76,1720567
2023-03-21,14.01,14.2,13.985,14.17,1266245
2023-03-22,14.04,14.135,13.58,13.6,1009033
2023-03-23,13.65,14.09,13.64,13.76,1078322
2023-03-24,13.56,14.0,13.495,13.76,826195
2023-03-27,14.06,14.44,14.0,14.16,1375537
2023-03-28,14.07,14.16,13.95,14.09,593906
2023-03-29,14.29,14.365,14.14,14.29,579361
2023-03-30,14.3,14.6385,14.3,14.46,628097
2023-03-31,14.52,14.78,14.47,14.76,804767
2023-04-03,14.66,14.84,14.58,14.66,1408989
2023-04-04,14.71,14.82,14.51,14.62,1214484
2023-04-05,14.52,14.99,14.39,14.99,1657072
2023-04-06,14.56,14.64,14.37,14.48,500283
2023-04-10,14.48,14.77,14.29,14.68,1500588
2023-04-11,14.75,14.94,14.71,14.75,761735
2023-04-12,14.82,15.08,14.62,14.62,755158
2023-04-13,14.76,15.04,14.7,14.98,841185
2023-04-14,14.92,15.19,14.675,14.83,556848
2023-04-17,14.79,14.87,14.465,14.67,816235
2023-04-18,14.74,14.74,14.4,14.48,1220671
2023-04-19,14.4,14.4,13.96,14.26,1147577
2023-04-20,14.11,14.25,14.06,14.24,753600
2023-04-21,14.12,14.59,14.0,14.31,1156469
2023-04-24,14.32,14.46,14.1701,14.2,800917
2023-04-25,14.1,14.28,14.005,14.09,835024
2023-04-26,14.16,14.23,13.92,13.95,626133
2023-04-27,14.06,14.275,13.88,14.21,876234
2023-04-28,14.14,14.615,14.12,14.46,921355
2023-05-01,14.16,14.575,14.16,14.38,579752
2023-05-02,14.33,14.41,13.97,14.16,1259010
2023-05-03,14.24,14.535,14.14,14.25,1223348
2023-05-04,14.2,14.38,13.91,13.91,862041
2023-05-05,14.35,14.49,14.15,14.28,1185291
2023-05-08,14.48,14.48,14.23,14.23,762144
2023-05-09,14.15,14.15,13.995,14.03,770782
2023-05-10,14.05,14.3299,14.04,14.25,868265
2023-05-11,14.09,14.1799,13.9,13.94,857331
2023-05-12,13.97,14.19,13.94,14.17,1285417
2023-05-15,14.15,14.65,14.095,14.4,1543966
2023-05-16,14.62,15.5,13.3,13.47,2216241
2023-05-17,13.31,13.87,12.0,12.55,7603225
2023-05-18,12.58,12.8,11.495,11.6,4073515
2023-05-19,11.55,11.84,11.355,11.66,2527963
2023-05-22,11.56,12.3,11.465,12.13,2280981
2023-05-23,12.02,13.035,12.02,12.65,2504809
2023-05-24,12.59,12.63,12.07,12.25,1522892
2023-05-25,12.27,12.61,12.12,12.28,1752149
2023-05-26,12.3,12.455,12.05,12.17,1029802
2023-05-30,12.13,12.5589,12.13,12.5,1380110
2023-05-31,12.36,12.82,12.215,12.56,4254257
2023-06-01,12.55,12.55,12.2225,12.25,1244816
2023-06-02,12.28,12.62,12.275,12.62,1060274
2023-06-05,12.33,12.36,12.04,12.19,1409970
2023-06-06,12.1,12.64,12.045,12.3,949728
2023-06-07,12.57,12.85,12.51,12.6,950350
2023-06-08,12.6,12.765,12.29,12.34,1270991
2023-06-09,12.4,12.48,12.265,12.43,1056489
2023-06-12,12.43,12.645,12.41,12.62,1415278
2023-06-13,12.65,13.7,12.65,13.6,2373867
2023-06-14,13.61,14.03,13.185,13.27,1793850
2023-06-15,13.27,13.3,12.96,13.29,1218610
2023-06-16,13.4,13.545,13.2,13.5,2157227
2023-06-20,13.4,13.605,13.25,13.49,1328617
2023-06-21,13.25,13.33,12.96,13.3,951152
2023-06-22,13.15,13.36,12.88,13.36,1265279
2023-06-23,13.24,13.25,12.685,12.84,1719210
2023-06-26,12.9,13.31,12.84,12.84,817874
2023-06-27,12.711,12.95,12.345,12.93,1087360
2023-06-28,12.64,13.04,12.64,12.87,752638
2023-06-29,12.89,13.15,12.85,13.01,968443
2023-06-30,13.15,13.355,13.135,13.24,1013020
2023-07-03,13.24,13.47,13.24,13.24,509157
2023-07-05,13.2,13.23,12.945,13.02,1001530
2023-07-06,12.9,13.25,12.63,12.65,831788
2023-07-07,12.84,13.43,12.82,13.17,1611305
2023-07-10,13.2,13.34,13.03,13.24,598437
2023-07-11,13.18,13.345,13.0713,13.2,727403
2023-07-12,13.2,13.425,13.03,13.1,643079
2023-07-13,13.1,13.62,13.1,13.62,1512725
2023-07-14,13.38,13.505,12.89,12.97,1306065
2023-07-17,12.81,12.96,12.695,12.77,1065867
2023-07-18,12.73,12.95,12.66,12.91,900570
2023-07-19,12.91,13.13,12.9,13.09,815332
2023-07-20,13.04,13.04,12.765,12.95,869152
2023-07-21,12.95,13.06,12.765,12.83,700334
2023-07-24,12.81,13.125,12.81,12.91,868711
2023-07-25,12.97,13.315,12.87,13.31,882156
2023-07-26,13.31,13.64,13.21,13.37,1012523
2023-07-27,13.49,13.6599,13.25,13.4,672880
2023-07-28,13.3,13.4,13.11,13.21,984148
2023-07-31,13.3,13.72,13.28,13.66,1337742
2023-08-01,13.5,13.55,13.18,13.55,948524
2023-08-02,13.39,13.39,13.09,13.34,1037358
2023-08-03,13.21,13.23,11.92,12.27,3322402
2023-08-04,12.22,12.785,12.13,12.72,1582435
2023-08-07,12.67,14.5199,12.21,14.34,1880370
2023-08-08,14.37,15.5,14.1,14.76,9470712
2023-08-09,14.8,15.16,14.27,14.9,5306428
2023-08-10,14.95,16.49,14.95,16.19,2770694
2023-08-11,16.07,16.48,15.99,16.18,1532084
2023-08-14,16.12,16.83,15.93,16.5,2270703
2023-08-15,16.43,16.825,16.23,16.5574,1146281
2023-08-16,16.28,16.51,16.165,16.29,1119085
2023-08-17,16.3,16.4395,15.89,15.95,1258603
2023-08-18,15.75,15.94,15.32,15.8,1674853
2023-08-21,15.8,16.01,15.64,15.88,1197670
2023-08-22,16.0,16.35,15.455,15.63,909490
2023-08-23,15.67,16.09,15.59,15.99,897917
2023-08-24,15.86,16.08,15.7925,15.81,791207
2023-08-25,15.81,15.96,15.64,15.87,947286
2023-08-28,15.87,16.46,15.87,16.24,1189856
2023-08-29,16.15,16.29,15.84,15.97,872819
2023-08-30,16.0,16.4,15.9516,16.23,1160276
2023-08-31,16.4,16.93,16.381,16.93,1767084
2023-09-01,16.99,17.065,16.5,17.0,1193714
2023-09-05,16.61,16.79,16.21,16.29,1340223
2023-09-06,16.32,16.98,16.32,16.71,1286504
2023-09-07,16.8,17.19,16.63,16.83,1439317
2023-09-08,16.8,17.065,16.565,16.92,819630
2023-09-11,17.04,17.319,16.45,16.77,1188724
2023-09-12,16.5,16.89,16.465,16.48,1146495
2023-09-13,16.45,16.565,15.835,15.94,1591435
2023-09-14,15.9,16.305,15.9,16.19,1229328
2023-09-15,16.06,16.385,15.965,16.02,5589152
2023-09-18,15.98,16.03,15.54,15.58,990250
2023-09-19,15.5,16.135,15.5,16.04,1910818
2023-09-20,16.01,16.39,15.91,15.92,1256596
2023-09-21,15.75,15.88,15.57,15.57,1161341
2023-09-22,15.79,15.975,15.51,15.56,1271777
2023-09-25,15.5,15.685,15.385,15.53,754762
2023-09-26,15.4,15.575,15.0,15.07,1022559
2023-09-27,15.2,15.355,14.96,15.16,1391121
2023-09-28,15.09,15.24,14.751,15.16,1375115
2023-09-29,15.38,15.38,15.0,15.1,1197839
2023-10-02,15.0,15.19,14.92,15.07,1513355
2023-10-03,15.01,15.285,14.79,14.83,1349942
2023-10-04,14.9,15.17,14.79,15.1,1263324
2023-10-05,15.07,15.165,14.87,15.1,1144824
2023-10-06,14.96,15.51,14.8,15.5,1307400
2023-10-09,15.5,15.65,15.141,15.25,1111079
2023-10-10,15.44,15.845,15.43,15.47,1186371
2023-10-11,15.45,15.615,15.4,15.58,1064919
2023-10-12,15.7,15.7,14.9441,15.09,1213993
2023-10-13,15.08,15.18,14.655,14.74,1465540
2023-10-16,14.85,15.575,14.85,15.47,1353300
2023-10-17,15.45,15.5,15.18,15.43,1425327
2023-10-18,15.43,15.495,14.99,15.02,761453
2023-10-19,15.04,15.19,14.845,14.91,1041568
2023-10-20,14.83,15.03,14.58,14.64,896691
2023-10-23,14.55,14.645,14.24,14.24,1079815
2023-10-24,14.31,14.53,14.12,14.2,1275165
2023-10-25,14.3,14.41,13.87,13.94,1094801
2023-10-26,13.98,14.31,13.98,14.15,821688
2023-10-27,14.19,14.285,13.7501,13.7501,783881
2023-10-30,14.12,14.5,13.9519,14.23,1070031
2023-10-31,14.25,14.695,14.25,14.63,1085757
2023-11-01,14.63,14.78,14.335,14.63,1024501
2023-11-02,14.85,15.15,14.63,15.15,1077947
2023-11-03,15.14,15.5,15.0,15.35,1455635
2023-11-06,15.79,15.79,15.24,15.5,1336112
2023-11-07,15.36,17.9,15.245,17.5,1420222
2023-11-08,17.32,18.05,16.5601,17.67,4457965
2023-11-09,17.6,17.85,16.95,17.15,1764129
2023-11-10,17.2,17.68,17.17,17.67,1148945
2023-11-13,17.76,17.76,17.21,17.21,697458
2023-11-14,17.39,17.98,17.09,17.74,1274597
2023-11-15,17.6,17.95,17.58,17.89,1199070
2023-11-16,17.83,18.26,17.62,18.1,1359147
2023-11-17,18.13,18.2599,18.01,18.23,790133
2023-11-20,18.22,18.48,18.01,18.25,995203
2023-11-21,18.15,18.5,17.86,18.0,1413195
2023-11-22,18.1,18.26,17.99,18.15,998325
2023-11-24,18.03,18.13,17.87,18.08,525883
2023-11-27,17.92,18.4,17.875,18.25,911416
2023-11-28,17.94,18.09,17.64,17.81,1146751
2023-11-29,17.88,17.9895,17.775,17.89,996776
2023-11-30,17.9,18.13,17.785,18.03,1199724
2023-12-01,17.92,18.55,17.8602,18.5,1187843
2023-12-04,18.4,18.85,18.3601,18.83,1311949
2023-12-05,18.51,19.15,18.48,18.98,1843972
2023-12-06,19.0,19.125,18.505,18.51,976804
2023-12-07,18.4,18.675,18.17,18.32,1313727
2023-12-08,18.24,18.55,18.15,18.41,2127938
2023-12-11,18.41,18.97,18.41,18.91,868252
2023-12-12,18.79,18.9,18.26,18.4,1059287
2023-12-13,18.35,18.45,18.045,18.3,1317118
2023-12-14,18.42,18.5,18.05,18.3,1476005
2023-12-15,18.3,18.415,17.96,18.37,2499486
2023-12-18,18.5,19.95,18.37,19.56,2469782
2023-12-19,19.54,20.37,19.44,20.17,1787516
2023-12-20,20.17,20.3303,19.4,20.25,1597494
2023-12-21,19.79,20.15,19.68,20.13,989619
2023-12-22,20.13,20.49,20.13,20.42,761594
2023-12-26,20.4,20.825,20.3639,20.67,854780
2023-12-27,20.69,21.26,20.69,21.23,1165800
2023-12-28,21.11,21.22,20.92,21.12,781211
2023-12-29,20.89,21.25,20.74,20.78,981707
2024-01-02,20.73,20.73,19.96,20.0,1411234
2024-01-03,19.85,19.88,19.315,19.39,1360931
2024-01-04,19.6,19.6,19.19,19.27,1190294
2024-01-05,19.24,19.84,19.23,19.59,1487385
2024-01-08,19.7,21.28,19.7,21.19,1498399
2024-01-09,20.58,21.06,20.47,20.81,956752
2024-01-10,20.81,21.21,20.7,21.17,995310
2024-01-11,21.16,21.27,20.71,20.94,1076656
2024-01-12,20.81,21.36,20.81,21.08,1008245
2024-01-16,20.74,20.94,20.62,20.93,854508
2024-01-17,20.62,20.71,20.39,20.5,533293
2024-01-18,20.75,20.905,20.42,20.52,640379
2024-01-19,20.63,20.98,20.365,20.98,809406
2024-01-22,20.89,21.54,20.0,21.32,1298590
2024-01-23,21.55,22.02,20.96,21.0,1222723
2024-01-24,21.43,21.5,20.84,20.87,891288
2024-01-25,20.88,21.54,20.88,21.03,1018191
2024-01-26,21.0,21.51,21.0,21.22,1051121
2024-01-29,21.23,21.51,20.99,21.14,1655171
2024-01-30,21.29,21.51,20.8716,20.9,904029
2024-01-31,20.89,21.05,20.34,20.52,1401826
2024-02-01,20.57,20.98,20.46,20.98,849132
2024-02-02,20.84,21.02,20.45,20.9,751186
2024-02-05,21.0,21.0,20.215,20.48,861134
2024-02-06,20.46,22.35,20.0,21.36,1879973
2024-02-07,21.36,22.05,20.0301,20.7,3527521
2024-02-08,20.74,21.49,20.345,21.4,2472444
2024-02-09,21.34,22.1,21.34,21.96,1742711
2024-02-12,22.1,22.65,21.255,21.34,2389425
2024-02-13,21.2,21.2,20.42,20.6,1602109
2024-02-14,21.01,21.355,20.85,21.12,1246118
2024-02-15,21.13,22.03,21.02,21.61,1055347
2024-02-16,21.66,21.7,21.29,21.44,811162
2024-02-20,21.43,21.515,21.13,21.24,1050856
2024-02-21,20.99,21.17,20.89,21.14,897187
2024-02-22,21.5,22.16,21.33,21.5,1012627
2024-02-23,21.44,21.715,21.365,21.64,712787
2024-02-26,21.44,21.84,21.35,21.84,684706
2024-02-27,21.78,21.96,21.445,21.66,953407
2024-02-28,21.64,22.175,21.505,22.06,1085820
2024-02-29,22.06,22.32,21.84,21.97,1463213
2024-03-01,22.0,22.475,21.95,22.24,1313252
2024-03-04,22.19,22.9,22.19,22.75,1460805
2024-03-05,22.75,22.75,21.97,22.08,941453
2024-03-06,22.12,22.28,21.38,21.47,1520115
2024-03-07,21.67,21.87,21.0,21.7,927383
2024-03-08,21.96,21.96,21.46,21.62,1031401
2024-03-11,21.5,22.49,21.48,22.43,1099266
2024-03-12,22.54,22.62,22.25,22.25,1327724
2024-03-13,22.26,22.44,21.4301,21.47,2470565
2024-03-14,21.53,22.1,21.2,22.09,1216005
2024-03-15,21.91,22.26,21.595,21.63,2493556
2024-03-18,21.5196,21.95,21.37,21.62,854784
2024-03-19,21.62,21.9387,21.41,21.9387,830581
2024-03-20,21.89,22.36,21.72,22.34,884771
2024-03-21,22.39,22.46,21.97,22.34,1256388
2024-03-22,22.47,22.54,21.45,21.55,831606
2024-03-25,21.55,21.84,21.49,21.65,868445
2024-03-26,21.67,21.93,21.33,21.35,741161
2024-03-27,21.43,21.66,21.28,21.46,932228
2024-03-28,21.44,21.825,21.44,21.76,1137153
2024-04-01,21.63,21.68,21.27,21.55,1018899
2024-04-02,21.26,21.705,21.06,21.54,1344426
2024-04-03,21.42,22.03,21.35,21.77,665969
2024-04-04,21.97,22.13,21.33,21.51,1092409
2024-04-05,21.46,22.0,21.46,22.0,930294
2024-04-08,22.0,22.115,21.775,21.87,695737
2024-04-09,22.05,22.245,21.79,22.16,1127098
2024-04-10,22.37,22.37,21.345,21.4,1025512
2024-04-11,21.42,21.54,21.245,21.44,686541
2024-04-12,21.22,21.31,20.2342,20.2342,1378709
2024-04-15,20.56,20.83,20.03,20.03,1172332
2024-04-16,20.0,20.135,19.68,19.69,917810
2024-04-17,19.78,20.2,19.65,19.7,1452607
2024-04-18,19.65,19.965,19.425,19.64,1075139
2024-04-19,19.57,19.97,19.56,19.66,1210012
2024-04-22,19.92,20.24,19.55,19.98,1224715
2024-04-23,20.1,20.645,20.045,20.21,765411
2024-04-24,20.63,20.6599,20.14,20.21,1262046
2024-04-25,19.9,20.305,19.41,20.14,1113079
2024-04-26,20.1,20.1,19.235,19.49,1895982
2024-04-29,19.5,20.1,19.5,19.84,1538088
2024-04-30,20.0,20.15,19.6,19.77,1329943
2024-05-01,19.4472,20.42,19.4472,20.0,1546705
2024-05-02,20.25,20.25,19.57,19.59,948003
2024-05-03,20.24,20.615,20.09,20.54,1211376
2024-05-06,20.55,20.93,20.55,20.89,1252299
2024-05-07,21.0,22.5,20.55,22.35,2304058
2024-05-08,22.04,26.7,21.8188,26.24,6888777
2024-05-09,26.38,26.49,25.61,26.36,2489355
2024-05-10,26.43,27.5,26.2,27.25,2165264
2024-05-13,27.3,27.4,26.155,26.35,2829291
2024-05-14,26.1,27.8,26.1,27.7,2286172
2024-05-15,27.7032,28.19,27.605,28.0,1377958
2024-05-16,28.05,28.42,27.23,27.32,1983473
2024-05-17,27.26,27.93,27.17,27.77,1163190
2024-05-20,28.26,28.88,27.43,27.65,1009764
2024-05-21,27.76,27.89,27.58,27.82,1086909
2024-05-22,27.67,28.6,27.67,28.2,1736535
2024-05-23,28.16,28.16,27.32,27.44,1360760
2024-05-24,27.64,27.78,27.16,27.36,973846
2024-05-28,27.4,27.64,26.915,27.15,1253858
2024-05-29,26.91,26.95,26.585,26.71,1410156
2024-05-30,26.75,26.96,26.33,26.49,1181799
2024-05-31,26.85,26.85,25.96,26.61,1397012
2024-06-03,26.61,26.92,26.01,26.5,1191206
2024-06-04,26.4,26.56,25.9,25.9,1569269
2024-06-05,26.11,26.83,26.09,26.5701,1097271
2024-06-06,26.6,26.89,26.34,26.5299,1001492
2024-06-07,26.51,26.6,25.93,26.12,814543
2024-06-10,25.87,27.49,25.01,25.88,2480167
2024-06-11,26.01,26.01,24.88,25.85,2612846
2024-06-12,26.15,26.26,25.85,25.93,1247238
2024-06-13,25.59,25.94,25.0,25.3,1347097
2024-06-14,24.84,25.56,24.73,25.51,1369961
2024-06-17,25.43,25.53,24.3709,24.3709,1198293
2024-06-18,25.25,25.48,25.12,25.41,1304025
2024-06-20,25.51,26.2,25.33,26.2,1444186
2024-06-21,25.5,25.57,25.285,25.52,2352350
2024-06-24,25.52,25.79,25.22,25.47,1296402
2024-06-25,25.63,25.69,25.17,25.54,1139328
2024-06-26,25.54,25.61,25.185,25.6,1078351
2024-06-27,25.45,26.3142,25.4,26.23,1849698
2024-06-28,26.3,26.73,25.53,25.65,2638115
2024-07-01,26.35,27.0,26.25,26.9943,1174643
2024-07-02,26.82,27.09,26.51,26.8,1179160
2024-07-03,26.79,27.0,26.57,26.77,546535
2024-07-05,26.75,26.99,25.68,25.92,2068861
2024-07-08,25.8,26.68,25.8,26.0,1291666
2024-07-09,25.5518,26.15,25.5518,25.85,732634
2024-07-10,25.87,25.95,25.38,25.65,869191
2024-07-11,25.98,26.32,25.725,26.31,988925
2024-07-12,26.49,26.83,26.25,26.75,919702
2024-07-15,26.7,27.075,26.18,26.96,1201333
2024-07-16,26.77,27.59,26.59,27.59,1446063
2024-07-17,27.27,27.69,27.0,27.02,898764
2024-07-18,27.16,27.82,26.92,27.17,1120631
2024-07-19,27.17,27.53,27.01,27.28,1342349
2024-07-22,27.42,27.97,27.15,27.9,1062190
2024-07-23,27.8,28.33,26.9193,27.0745,1594470
2024-07-24,27.57,27.86,26.77,26.95,1223651
2024-07-25,26.95,27.36,26.57,26.63,1411137
2024-07-26,26.9,27.31,26.67,26.95,1058852
2024-07-29,27.61,27.62,27.03,27.36,1112629
2024-07-30,27.45,27.74,26.58,27.19,965926
2024-07-31,26.69,27.88,25.01,26.6,1148878
2024-08-01,26.75,28.15,23.09,23.49,5915610
2024-08-02,23.0,23.41,22.5,23.38,3326735
2024-08-05,22.3,23.3793,20.4,23.3793,2882630
2024-08-06,23.95,23.95,22.01,22.01,2309479
2024-08-07,22.32,22.84,21.65,21.65,1425206
2024-08-08,21.56,22.34,21.55,22.13,1362006
2024-08-09,22.2,22.66,22.12,22.64,1203007
2024-08-12,22.53,22.81,22.01,22.25,1104519
2024-08-13,22.1,23.38,22.1,23.2,1895927
2024-08-14,23.4,23.47,22.9,23.2,936348
2024-08-15,23.39,23.745,23.25,23.54,1036320
2024-08-16,23.79,23.79,23.32,23.64,689173
2024-08-19,23.73,23.8,23.46,23.54,599332
2024-08-20,23.49,23.71,23.055,23.21,1066453
2024-08-21,23.28,23.49,23.06,23.15,937364
2024-08-22,23.6,23.87,23.29,23.29,724799
2024-08-23,23.44,24.4,23.38,24.1,670809
2024-08-26,23.93,24.13,23.9,23.9,490329
2024-08-27,23.61,23.9,23.44,23.78,776590
2024-08-28,23.37,23.5799,22.93,23.21,2001465
2024-08-29,23.3,23.76,23.3,23.4,695585
2024-08-30,23.7,23.84,23.25,23.69,1743681
2024-09-03,23.69,23.69,22.65,22.81,1157196
2024-09-04,22.75,23.51,22.72,23.37,669678
2024-09-05,23.37,23.37,22.87,23.1,947733
2024-09-06,23.1,23.34,22.43,22.61,1083873
2024-09-09,22.65,23.115,22.41,23.01,876445
2024-09-10,23.05,23.15,22.5,22.5,912668
2024-09-11,22.76,22.94,22.365,22.76,892179
2024-09-12,22.76,22.99,22.61,22.86,483623
2024-09-13,22.8502,23.26,22.8502,22.93,524273
2024-09-16,22.97,23.36,22.96,23.13,786701
2024-09-17,23.28,23.43,22.925,22.98,750896
2024-09-18,23.03,23.765,22.94,23.46,1431763
2024-09-19,23.95,24.11,23.4101,23.75,705434
2024-09-20,23.7,24.005,23.48,23.89,1811956
2024-09-23,23.95,24.07,23.1447,23.1447,1223768
2024-09-24,23.65,23.75,23.27,23.45,566437
2024-09-25,23.61,23.62,22.64,22.7,993237
2024-09-26,23.0,23.23,22.73,23.01,1416848
2024-09-27,23.23,23.23,22.87,23.01,665636
2024-09-30,23.0,23.14,22.71,22.98,1021087
2024-10-01,22.93,22.95,22.26,22.43,1001814
2024-10-02,22.0617,22.85,22.0617,22.82,917019
2024-10-03,22.59,23.64,22.42,23.2,1315045
2024-10-04,23.25,24.0,23.2,23.63,841486
2024-10-07,24.0,24.0,23.335,23.82,1025109
2024-10-08,23.75,24.498,23.49,24.498,1425946
2024-10-09,24.5,24.53,23.95,23.96,1337627
2024-10-10,24.0,24.6,23.83,24.57,1156417
2024-10-11,24.67,24.83,24.58,24.79,871837
2024-10-14,24.9,25.1,24.59,25.09,620956
2024-10-15,25.0,25.245,24.6428,24.6428,819816
2024-10-16,25.0,25.095,24.7345,24.9,742916
2024-10-17,25.31,25.367,25.0,25.29,807368
2024-10-18,24.96,25.27,24.93,25.16,599489
2024-10-21,25.0,25.17,24.22,24.79,770564
2024-10-22,24.9,24.96,24.11,24.33,1241386
2024-10-23,24.19,24.42,23.955,24.01,745581
2024-10-24,24.12,24.29,23.98,24.08,592614
2024-10-25,23.99,24.455,23.99,24.07,953525
2024-10-28,24.2,24.28,23.63,23.77,1325105
2024-10-29,23.9,24.29,23.78,24.26,900217
2024-10-30,24.04,24.39,23.52,23.5201,780901
2024-10-31,23.74,23.74,22.87,22.89,1383163
2024-11-01,22.84,23.1975,22.56,22.97,1020460
2024-11-04,22.96,23.27,22.68,23.0,1430976
2024-11-05,23.02,23.29,22.83,23.29,2141751
2024-11-06,23.0,25.58,23.0,24.59,3422700
2024-11-07,25.0,27.89,25.0,27.8,3882437
2024-11-08,27.01,28.43,27.01,28.0,2632744
2024-11-11,27.81,28.39,27.52,27.59,1430335
2024-11-12,27.6096,28.8,27.6096,27.69,1889936
2024-11-13,28.2,28.9,27.91,28.8,1768924
2024-11-14,28.85,29.1,28.2,28.2,1137440
2024-11-15,27.98,28.2,27.3201,28.0,1668836
2024-11-18,28.0,28.9731,27.9598,28.06,1682864
2024-11-19,28.0,28.5,27.67,28.04,1626145
2024-11-20,28.53,28.685,27.78,28.53,2011021
2024-11-21,28.85,33.26,28.85,32.78,5522110
2024-11-22,32.96,33.62,32.49,33.11,4220915
2024-11-25,33.26,34.33,33.11,33.82,2951695
2024-11-26,33.6914,34.48,33.51,34.3,2127378
2024-11-27,34.7102,34.9882,34.08,34.97,1849424
2024-11-29,35.07,35.5115,34.55,35.0,708870
2024-12-02,34.71,34.87,33.82,34.3,2162619
2024-12-03,34.18,35.35,33.81,34.5995,1755532
2024-12-04,34.52,35.18,34.52,34.81,1314591
2024-12-05,35.0,35.18,34.61,34.65,1268603
2024-12-06,35.06,35.25,34.38,34.38,1009541
2024-12-09,34.53,34.895,34.1001,34.4999,1127232
2024-12-10,34.3,35.33,34.0,35.12,1494863
2024-12-11,35.21,35.9999,35.08,35.8,1961319
2024-12-12,35.8,36.43,35.5,35.92,1402741
2024-12-13,35.76,35.93,35.0048,35.0048,995991
2024-12-16,35.37,35.95,35.37,35.5,1000869
2024-12-17,35.84,35.9498,35.14,35.9498,1308423
2024-12-18,35.32,35.67,33.9034,33.9034,1708894
2024-12-19,34.12,34.9,34.0,34.04,1280168
2024-12-20,33.96,34.85,31.5,34.2,2389889
2024-12-23,34.62,34.75,34.2,34.41,677924
2024-12-24,34.58,35.07,34.504,34.99,405787
2024-12-26,35.06,35.49,34.84,35.48,548066
2024-12-27,35.44,35.57,34.46,34.46,534518
2024-12-30,33.65,34.835,33.65,34.53,1675399
2024-12-31,34.76,34.98,34.46,34.6,1114918
2025-01-02,34.73,36.2,33.86,36.03,2732610
2025-01-03,36.5,37.7,35.89,37.7,3143247
2025-01-06,37.75,39.47,37.62,39.0,3467494
2025-01-07,39.03,39.33,37.2,38.4999,2389692
2025-01-08,38.85,38.86,37.27,38.08,1930385
2025-01-10,37.75,38.4678,36.35,36.7899,1528595
2025-01-13,36.3,37.43,36.01,37.43,1087228
2025-01-14,37.85,38.0,36.75,37.8399,1721564
2025-01-15,37.86,38.92,37.67,38.58,1428711
2025-01-16,38.38,39.0183,38.22,38.5,1511471
2025-01-17,38.63,38.95,38.05,38.6,904944
2025-01-21,38.5,39.22,38.445,39.22,1351200
2025-01-22,39.26,39.54,38.61,38.78,1046646
2025-01-23,39.01,39.45,38.03,39.45,1209017
2025-01-24,39.45,39.55,39.0,39.33,940604
2025-01-27,38.66,39.34,37.4,37.99,1690505
2025-01-28,37.92,39.06,37.86,38.5,2038962
2025-01-29,37.77,39.0,37.77,38.38,1760056
2025-01-30,38.46,38.5,36.6,37.95,2351249
2025-01-31,37.7,38.34,36.9,38.0,1906901
2025-02-03,36.99,39.0,35.99,37.79,3780159
2025-02-04,37.67,40.06,36.55,39.65,3329835
2025-02-05,39.95,43.65,39.5,43.65,4248843
2025-02-06,43.76,44.0,42.17,42.94,2102343
2025-02-07,43.4207,43.43,41.69,41.8,1063156
2025-02-10,41.68,43.3,40.5,41.5,1273729
2025-02-11,41.55,41.68,39.84,40.26,1356620
2025-02-12,39.99,41.3,39.12,41.3,1631707
2025-02-13,41.16,41.9,40.8102,41.84,1169913
2025-02-14,41.73,41.93,41.25,41.8906,893950
2025-02-18,42.0,42.0,40.93,41.15,1406930
2025-02-19,41.7,41.8435,40.5,40.64,1590986
2025-02-20,40.82,41.7675,38.831,40.24,1415228
2025-02-21,40.759,40.759,38.0098,39.17,1413584
2025-02-24,38.81,38.9999,36.851,36.91,1241521
2025-02-25,37.72,37.72,36.14,37.15,1991514
2025-02-26,37.14,38.74,37.14,38.59,1216834
2025-02-27,38.66,39.04,37.39,37.5347,1477345
2025-02-28,38.0,38.11,36.85,38.08,2478088
